2003,0,0,71
2003,0,1,74
2003,0,2,77
2003,0,3,107
2003,0,4,110
2003,0,5,113
2003,0,6,143
2003,0,7,146
2003,0,8,149
2003,0,9,179
2003,0,10,182
2003,0,11,185
2003,0,12,215
2003,0,13,218
2003,0,14,221
2003,1,0,251
2003,1,1,254
2003,1,2,257
2003,2,0,62
2004,0,0,323
2004,0,1,326
2004,0,2,329
2004,0,3,359
2004,0,4,362
2004,0,5,365
2004,0,6,395
2004,0,7,398
2004,0,8,401
2004,0,9,431
2004,0,10,434
2004,0,11,437
2004,0,12,467
2004,0,13,470
2004,0,14,473
2004,0,15,503
2004,0,16,506
2004,0,17,509
2004,1,0,575
2004,1,1,578
2004,1,2,581
2004,1,3,611
2004,1,4,614
2004,1,5,617
2004,1,6,647
2004,1,7,650
2004,1,8,653
2004,1,9,683
2004,1,10,686
2004,1,11,689
2004,1,12,719
2004,1,13,722
2004,1,14,725
2004,1,15,755
2004,1,16,758
2004,1,17,761
2004,2,0,827
2004,2,1,830
2004,2,2,833
2004,2,3,863
2004,2,4,866
2004,2,5,869
2004,2,6,899
2004,2,7,902
2004,2,8,905
2004,2,9,935
2004,2,10,938
2004,2,11,941
2004,2,12,971
2004,2,13,974
2004,2,14,977
2004,2,15,1007
2004,2,16,1010
2004,2,17,1013
2004,3,0,1079
2004,3,1,1082
2004,3,2,1085
2004,3,3,1115
2004,3,4,1118
2004,3,5,1121
2004,3,6,1151
2004,3,7,1154
2004,3,8,1157
2004,3,9,1187
2004,3,10,1190
2004,3,11,1193
2004,3,12,1223
2004,3,13,1226
2004,3,14,1229
2004,3,15,1259
2004,3,16,1262
2004,3,17,1265
2004,4,0,1331
2004,4,1,1334
2004,4,2,1337
2004,4,3,1367
2004,4,4,1370
2004,4,5,1373
2004,4,6,1403
2004,4,7,1406
2004,4,8,1409
2004,4,9,1439
2004,4,10,1442
2004,4,11,1445
2004,4,12,1475
2004,4,13,1478
2004,4,14,1481
2004,4,15,1511
2004,4,16,1514
2004,4,17,1517
2004,5,0,1583
2004,5,1,1586
2004,5,2,1589
2004,5,3,1619
2004,5,4,1622
2004,5,5,1625
2004,5,6,1655
2004,5,7,1658
2004,5,8,1661
2004,5,9,1691
2004,5,10,1694
2004,5,11,1697
2004,5,12,1727
2004,5,13,1730
2004,5,14,1733
2004,5,15,1763
2004,5,16,1766
2004,5,17,1769
2005,0,0,4
2005,0,1,5
2005,0,2,6
2005,0,3,7
2005,0,4,8
2005,0,5,11
2005,0,6,12
2005,0,7,13
2005,0,8,14
2005,0,9,15
2005,0,10,55
2005,0,11,56
2005,0,12,57
2005,0,13,58
2005,0,14,59
2005,0,15,10368
2005,0,16,10369
2005,0,17,10370
2005,0,18,10371
2005,0,19,10372
2005,0,20,10373
2005,0,21,10374
2005,0,22,10375
2005,0,23,41311
2005,0,24,23
2005,0,25,23448
2005,0,26,23449
2005,0,27,23450
2005,0,28,23451
2005,0,29,39746
2008,0,0,1799
2008,0,1,1802
2008,0,2,1805
2008,0,3,1835
2008,0,4,1838
2008,0,5,1841
2008,0,6,1871
2008,0,7,1874
2008,0,8,1877
2008,1,0,61
2008,1,1,2198
2008,1,2,39738
2008,1,3,40761
2008,2,0,3683
2008,2,1,3684
2008,2,2,3685
2008,2,3,3686
2008,2,4,3687
2008,2,5,3688
2008,2,6,3689
2008,2,7,3690
2008,2,8,3691
2008,2,9,3692
2008,2,10,3693
2008,2,11,7098
2008,2,12,7100
2008,2,13,7465
2008,2,14,7492
2008,2,15,36141
2008,2,16,33973
2008,2,17,26607
2009,0,0,2137
2009,0,1,2138
2009,0,2,2139
2009,0,3,3909
2009,1,0,2143
2009,1,1,2144
2009,1,2,7552
2009,1,3,7553
2009,1,4,9226
2009,1,5,9227
2009,1,6,9237
2009,2,0,38417
2009,2,1,38524
2009,2,2,38418
2009,2,3,38419
2009,2,4,38420
2009,2,5,38421
2009,2,6,38435
2009,2,7,38748
2009,2,8,38436
2009,2,9,38437
2009,2,10,38438
2009,2,11,38439
2009,2,12,38453
2009,2,13,38751
2009,2,14,38454
2009,2,15,38455
2009,2,16,38456
2009,2,17,38457
2009,3,0,38423
2009,3,1,38746
2009,3,2,38424
2009,3,3,38425
2009,3,4,38426
2009,3,5,38427
2009,3,6,38441
2009,3,7,38749
2009,3,8,38442
2009,3,9,38443
2009,3,10,38444
2009,3,11,38445
2009,3,12,38459
2009,3,13,38752
2009,3,14,38460
2009,3,15,38461
2009,3,16,38462
2009,3,17,38463
2009,4,0,38429
2009,4,1,38747
2009,4,2,38430
2009,4,3,38431
2009,4,4,38432
2009,4,5,38433
2009,4,6,38447
2009,4,7,38750
2009,4,8,38448
2009,4,9,38449
2009,4,10,38450
2009,4,11,38451
2009,4,12,38465
2009,4,13,38753
2009,4,14,38466
2009,4,15,38467
2009,4,16,38468
2009,4,17,38469
2009,5,0,38498
2009,5,1,38499
2009,5,2,38500
2009,5,3,38501
2009,5,4,38502
2009,5,5,38536
2009,5,6,38488
2009,5,7,38489
2009,5,8,38490
2009,5,9,38491
2009,5,10,38492
2009,5,11,38534
2009,5,12,38503
2009,5,13,38862
2009,5,14,38863
2009,5,15,38864
2009,5,16,38865
2009,5,17,38866
2013,0,0,19617
2013,0,1,19618
2013,0,2,19619
2013,0,3,19620
2013,0,4,19621
2013,0,5,19622
2013,0,6,19635
2013,0,7,19636
2013,0,8,19637
2013,0,9,19638
2013,0,10,19639
2013,0,11,19640
2013,0,12,19623
2013,0,13,19624
2013,0,14,19625
2013,0,15,19626
2013,0,16,19627
2013,0,17,19628
2013,0,18,19611
2013,0,19,19612
2013,0,20,19613
2013,0,21,19614
2013,0,22,19615
2013,0,23,19616
2013,0,24,19629
2013,0,25,19630
2013,0,26,19631
2013,0,27,19632
2013,0,28,19633
2013,0,29,19634
2013,1,0,19641
2014,0,0,19617
2014,0,1,19618
2014,0,2,19619
2014,0,3,19620
2014,0,4,19621
2014,0,5,19622
2014,0,6,19635
2014,0,7,19636
2014,0,8,19637
2014,0,9,19638
2014,0,10,19639
2014,0,11,19640
2014,0,12,19623
2014,0,13,19624
2014,0,14,19625
2014,0,15,19626
2014,0,16,19627
2014,0,17,19628
2014,0,18,19611
2014,0,19,19612
2014,0,20,19613
2014,0,21,19614
2014,0,22,19615
2014,0,23,19616
2014,0,24,19629
2014,0,25,19630
2014,0,26,19631
2014,0,27,19632
2014,0,28,19633
2014,0,29,19634
2014,1,0,19641
2021,0,0,9268
2021,0,1,9269
2021,0,2,9270
2021,0,3,9271
2021,1,0,9267
2021,1,1,35658
2021,1,2,35659
2021,1,3,35660
2021,1,4,35661
2021,1,5,35662
2021,1,6,36180
2021,1,7,40760
2051,0,0,77
2051,0,1,80
2051,0,2,83
2051,0,3,113
2051,0,4,116
2051,0,5,119
2051,0,6,149
2051,0,7,152
2051,0,8,155
2051,0,9,185
2051,0,10,188
2051,0,11,191
2051,0,12,221
2051,0,13,224
2051,0,14,227
2051,1,0,257
2051,1,1,260
2051,1,2,263
2051,2,0,62
2052,0,0,329
2052,0,1,332
2052,0,2,335
2052,0,3,365
2052,0,4,368
2052,0,5,371
2052,0,6,401
2052,0,7,404
2052,0,8,407
2052,0,9,437
2052,0,10,440
2052,0,11,443
2052,0,12,473
2052,0,13,476
2052,0,14,479
2052,0,15,509
2052,0,16,512
2052,0,17,515
2052,1,0,581
2052,1,1,584
2052,1,2,587
2052,1,3,617
2052,1,4,620
2052,1,5,623
2052,1,6,653
2052,1,7,656
2052,1,8,659
2052,1,9,689
2052,1,10,692
2052,1,11,695
2052,1,12,725
2052,1,13,728
2052,1,14,731
2052,1,15,761
2052,1,16,764
2052,1,17,767
2052,2,0,833
2052,2,1,836
2052,2,2,839
2052,2,3,869
2052,2,4,872
2052,2,5,875
2052,2,6,905
2052,2,7,908
2052,2,8,911
2052,2,9,941
2052,2,10,944
2052,2,11,947
2052,2,12,977
2052,2,13,980
2052,2,14,983
2052,2,15,1013
2052,2,16,1016
2052,2,17,1019
2052,3,0,1085
2052,3,1,1088
2052,3,2,1091
2052,3,3,1121
2052,3,4,1124
2052,3,5,1127
2052,3,6,1157
2052,3,7,1160
2052,3,8,1163
2052,3,9,1193
2052,3,10,1196
2052,3,11,1199
2052,3,12,1229
2052,3,13,1232
2052,3,14,1235
2052,3,15,1265
2052,3,16,1268
2052,3,17,1271
2052,4,0,1337
2052,4,1,1340
2052,4,2,1343
2052,4,3,1373
2052,4,4,1376
2052,4,5,1379
2052,4,6,1409
2052,4,7,1412
2052,4,8,1415
2052,4,9,1445
2052,4,10,1448
2052,4,11,1451
2052,4,12,1481
2052,4,13,1484
2052,4,14,1487
2052,4,15,1517
2052,4,16,1520
2052,4,17,1523
2052,5,0,1589
2052,5,1,1592
2052,5,2,1595
2052,5,3,1625
2052,5,4,1628
2052,5,5,1631
2052,5,6,1661
2052,5,7,1664
2052,5,8,1667
2052,5,9,1697
2052,5,10,1700
2052,5,11,1703
2052,5,12,1733
2052,5,13,1736
2052,5,14,1739
2052,5,15,1769
2052,5,16,1772
2052,5,17,1775
2053,0,0,5
2053,0,1,6
2053,0,2,7
2053,0,3,8
2053,0,4,12
2053,0,5,13
2053,0,6,14
2053,0,7,15
2053,0,8,56
2053,0,9,57
2053,0,10,58
2053,0,11,59
2053,0,12,10368
2053,0,13,10369
2053,0,14,10370
2053,0,15,10371
2053,0,16,10372
2053,0,17,10373
2053,0,18,10374
2053,0,19,10375
2053,0,20,23
2053,0,21,23448
2053,0,22,23449
2053,0,23,23450
2053,0,24,23451
2053,0,25,39746
2054,0,0,1805
2054,0,1,1808
2054,0,2,1811
2054,0,3,1841
2054,0,4,1844
2054,0,5,1847
2054,0,6,1877
2054,0,7,1880
2054,0,8,1883
2054,1,0,61
2054,1,1,2198
2054,1,2,39738
2054,1,3,40761
2054,2,0,3685
2054,2,1,3686
2054,2,2,3687
2054,2,3,3688
2054,2,4,3689
2054,2,5,3690
2054,2,6,3691
2054,2,7,3692
2054,2,8,3693
2054,2,9,7098
2054,2,10,7100
2054,2,11,7465
2054,2,12,7492
2054,2,13,36141
2055,0,0,38417
2055,0,1,38524
2055,0,2,38418
2055,0,3,38419
2055,0,4,38420
2055,0,5,38421
2055,0,6,38435
2055,0,7,38748
2055,0,8,38436
2055,0,9,38437
2055,0,10,38438
2055,0,11,38439
2055,0,12,38453
2055,0,13,38751
2055,0,14,38454
2055,0,15,38455
2055,0,16,38456
2055,0,17,38457
2055,1,0,38423
2055,1,1,38746
2055,1,2,38424
2055,1,3,38425
2055,1,4,38426
2055,1,5,38427
2055,1,6,38441
2055,1,7,38749
2055,1,8,38442
2055,1,9,38443
2055,1,10,38444
2055,1,11,38445
2055,1,12,38459
2055,1,13,38752
2055,1,14,38460
2055,1,15,38461
2055,1,16,38462
2055,1,17,38463
2055,2,0,38429
2055,2,1,38747
2055,2,2,38430
2055,2,3,38431
2055,2,4,38432
2055,2,5,38433
2055,2,6,38447
2055,2,7,38750
2055,2,8,38448
2055,2,9,38449
2055,2,10,38450
2055,2,11,38451
2055,2,12,38465
2055,2,13,38753
2055,2,14,38466
2055,2,15,38467
2055,2,16,38468
2055,2,17,38469
2055,3,0,38498
2055,3,1,38499
2055,3,2,38500
2055,3,3,38501
2055,3,4,38502
2055,3,5,38536
2055,3,6,38488
2055,3,7,38489
2055,3,8,38490
2055,3,9,38491
2055,3,10,38492
2055,3,11,38534
2055,3,12,38503
2055,3,13,38862
2055,3,14,38863
2055,3,15,38864
2055,3,16,38865
2055,3,17,38866
2055,4,0,2137
2055,4,1,2138
2055,4,2,2139
2055,4,3,3909
2055,5,0,2143
2055,5,1,2144
2055,5,2,7552
2055,5,3,7553
2055,5,4,9226
2055,5,5,9227
2055,5,6,9237
2057,0,0,19617
2057,0,1,19618
2057,0,2,19619
2057,0,3,19620
2057,0,4,19621
2057,0,5,19622
2057,0,6,19635
2057,0,7,19636
2057,0,8,19637
2057,0,9,19638
2057,0,10,19639
2057,0,11,19640
2057,0,12,19623
2057,0,13,19624
2057,0,14,19625
2057,0,15,19626
2057,0,16,19627
2057,0,17,19628
2057,0,18,19611
2057,0,19,19612
2057,0,20,19613
2057,0,21,19614
2057,0,22,19615
2057,0,23,19616
2057,0,24,19629
2057,0,25,19630
2057,0,26,19631
2057,0,27,19632
2057,0,28,19633
2057,0,29,19634
2057,1,0,19641
2057,1,1,19642
2058,0,0,19617
2058,0,1,19618
2058,0,2,19619
2058,0,3,19620
2058,0,4,19621
2058,0,5,19622
2058,0,6,19635
2058,0,7,19636
2058,0,8,19637
2058,0,9,19638
2058,0,10,19639
2058,0,11,19640
2058,0,12,19623
2058,0,13,19624
2058,0,14,19625
2058,0,15,19626
2058,0,16,19627
2058,0,17,19628
2058,0,18,19611
2058,0,19,19612
2058,0,20,19613
2058,0,21,19614
2058,0,22,19615
2058,0,23,19616
2058,0,24,19629
2058,0,25,19630
2058,0,26,19631
2058,0,27,19632
2058,0,28,19633
2058,0,29,19634
2058,1,0,19641
2058,1,1,19642
2072,0,0,10859
2072,0,1,10862
2072,0,2,10865
2072,0,3,10868
2072,0,4,10871
2072,0,5,10895
2072,0,6,10898
2072,0,7,10901
2072,0,8,10904
2072,0,9,10907
2072,0,10,10751
2072,0,11,10754
2072,0,12,10757
2072,0,13,10760
2072,0,14,10763
2072,0,15,10931
2072,0,16,10934
2072,0,17,10937
2072,0,18,10940
2072,0,19,10943
2072,0,20,11003
2072,0,21,11006
2072,0,22,11009
2072,0,23,11012
2072,0,24,11015
2072,0,25,11039
2072,0,26,11042
2072,0,27,11045
2072,0,28,11048
2072,0,29,11051
2072,0,30,10787
2072,0,31,10790
2072,0,32,10793
2072,0,33,10796
2072,0,34,10799
2072,0,35,10967
2072,0,36,10970
2072,0,37,10973
2072,0,38,10976
2072,0,39,10979
2072,0,40,10823
2072,0,41,10826
2072,0,42,10829
2072,0,43,10832
2072,0,44,10835
2072,1,0,11399
2072,1,1,11402
2072,1,2,11405
2072,1,3,11408
2072,1,4,11411
2072,2,0,10376
2072,3,0,83
2072,3,1,86
2072,3,2,89
2072,3,3,92
2072,3,4,95
2072,3,5,119
2072,3,6,122
2072,3,7,125
2072,3,8,128
2072,3,9,131
2072,3,10,155
2072,3,11,158
2072,3,12,161
2072,3,13,164
2072,3,14,167
2072,3,15,191
2072,3,16,194
2072,3,17,197
2072,3,18,200
2072,3,19,203
2072,3,20,227
2072,3,21,230
2072,3,22,233
2072,3,23,236
2072,3,24,239
2072,4,0,263
2072,4,1,266
2072,4,2,269
2072,4,3,272
2072,4,4,275
2072,5,0,62
2073,0,0,11525
2073,0,1,11528
2073,0,2,11531
2073,0,3,11534
2073,0,4,11537
2073,0,5,11561
2073,0,6,11564
2073,0,7,11567
2073,0,8,11570
2073,0,9,11573
2073,0,10,11597
2073,0,11,11600
2073,0,12,11603
2073,0,13,11606
2073,0,14,11609
2073,0,15,11633
2073,0,16,11636
2073,0,17,11639
2073,0,18,11642
2073,0,19,11645
2073,0,20,11669
2073,0,21,11672
2073,0,22,11675
2073,0,23,11678
2073,0,24,11681
2073,0,25,11705
2073,0,26,11708
2073,0,27,11711
2073,0,28,11714
2073,0,29,11717
2073,1,0,11777
2073,1,1,11780
2073,1,2,11783
2073,1,3,11786
2073,1,4,11789
2073,1,5,11813
2073,1,6,11816
2073,1,7,11819
2073,1,8,11822
2073,1,9,11825
2073,1,10,11849
2073,1,11,11852
2073,1,12,11855
2073,1,13,11858
2073,1,14,11861
2073,1,15,11885
2073,1,16,11888
2073,1,17,11891
2073,1,18,11894
2073,1,19,11897
2073,1,20,11921
2073,1,21,11924
2073,1,22,11927
2073,1,23,11930
2073,1,24,11933
2073,1,25,11957
2073,1,26,11960
2073,1,27,11963
2073,1,28,11966
2073,1,29,11969
2073,2,0,12029
2073,2,1,12032
2073,2,2,12035
2073,2,3,12038
2073,2,4,12041
2073,2,5,12065
2073,2,6,12068
2073,2,7,12071
2073,2,8,12074
2073,2,9,12077
2073,2,10,12101
2073,2,11,12104
2073,2,12,12107
2073,2,13,12110
2073,2,14,12113
2073,2,15,12137
2073,2,16,12140
2073,2,17,12143
2073,2,18,12146
2073,2,19,12149
2073,2,20,12173
2073,2,21,12176
2073,2,22,12179
2073,2,23,12182
2073,2,24,12185
2073,2,25,12209
2073,2,26,12212
2073,2,27,12215
2073,2,28,12218
2073,2,29,12221
2073,3,0,13037
2073,3,1,13040
2073,3,2,13043
2073,3,3,13046
2073,3,4,13049
2073,3,5,13073
2073,3,6,13076
2073,3,7,13079
2073,3,8,13082
2073,3,9,13085
2073,3,10,13109
2073,3,11,13112
2073,3,12,13115
2073,3,13,13118
2073,3,14,13121
2073,3,15,13145
2073,3,16,13148
2073,3,17,13151
2073,3,18,13154
2073,3,19,13157
2073,3,20,13181
2073,3,21,13184
2073,3,22,13187
2073,3,23,13190
2073,3,24,13193
2073,3,25,13217
2073,3,26,13220
2073,3,27,13223
2073,3,28,13226
2073,3,29,13229
2073,4,0,13289
2073,4,1,13292
2073,4,2,13295
2073,4,3,13298
2073,4,4,13301
2073,4,5,13325
2073,4,6,13328
2073,4,7,13331
2073,4,8,13334
2073,4,9,13337
2073,4,10,13361
2073,4,11,13364
2073,4,12,13367
2073,4,13,13370
2073,4,14,13373
2073,4,15,13397
2073,4,16,13400
2073,4,17,13403
2073,4,18,13406
2073,4,19,13409
2073,4,20,13433
2073,4,21,13436
2073,4,22,13439
2073,4,23,13442
2073,4,24,13445
2073,4,25,13469
2073,4,26,13472
2073,4,27,13475
2073,4,28,13478
2073,4,29,13481
2073,5,0,13541
2073,5,1,13544
2073,5,2,13547
2073,5,3,13550
2073,5,4,13553
2073,5,5,13577
2073,5,6,13580
2073,5,7,13583
2073,5,8,13586
2073,5,9,13589
2073,5,10,13613
2073,5,11,13616
2073,5,12,13619
2073,5,13,13622
2073,5,14,13625
2073,5,15,13649
2073,5,16,13652
2073,5,17,13655
2073,5,18,13658
2073,5,19,13661
2073,5,20,13685
2073,5,21,13688
2073,5,22,13691
2073,5,23,13694
2073,5,24,13697
2073,5,25,13721
2073,5,26,13724
2073,5,27,13727
2073,5,28,13730
2073,5,29,13733
2073,6,0,335
2073,6,1,338
2073,6,2,341
2073,6,3,344
2073,6,4,347
2073,6,5,371
2073,6,6,374
2073,6,7,377
2073,6,8,380
2073,6,9,383
2073,6,10,407
2073,6,11,410
2073,6,12,413
2073,6,13,416
2073,6,14,419
2073,6,15,443
2073,6,16,446
2073,6,17,449
2073,6,18,452
2073,6,19,455
2073,6,20,479
2073,6,21,482
2073,6,22,485
2073,6,23,488
2073,6,24,491
2073,6,25,515
2073,6,26,518
2073,6,27,521
2073,6,28,524
2073,6,29,527
2073,7,0,587
2073,7,1,590
2073,7,2,593
2073,7,3,596
2073,7,4,599
2073,7,5,623
2073,7,6,626
2073,7,7,629
2073,7,8,632
2073,7,9,635
2073,7,10,659
2073,7,11,662
2073,7,12,665
2073,7,13,668
2073,7,14,671
2073,7,15,695
2073,7,16,698
2073,7,17,701
2073,7,18,704
2073,7,19,707
2073,7,20,731
2073,7,21,734
2073,7,22,737
2073,7,23,740
2073,7,24,743
2073,7,25,767
2073,7,26,770
2073,7,27,773
2073,7,28,776
2073,7,29,779
2073,8,0,839
2073,8,1,842
2073,8,2,845
2073,8,3,848
2073,8,4,851
2073,8,5,875
2073,8,6,878
2073,8,7,881
2073,8,8,884
2073,8,9,887
2073,8,10,911
2073,8,11,914
2073,8,12,917
2073,8,13,920
2073,8,14,923
2073,8,15,947
2073,8,16,950
2073,8,17,953
2073,8,18,956
2073,8,19,959
2073,8,20,983
2073,8,21,986
2073,8,22,989
2073,8,23,992
2073,8,24,995
2073,8,25,1019
2073,8,26,1022
2073,8,27,1025
2073,8,28,1028
2073,8,29,1031
2073,9,0,1091
2073,9,1,1094
2073,9,2,1097
2073,9,3,1100
2073,9,4,1103
2073,9,5,1127
2073,9,6,1130
2073,9,7,1133
2073,9,8,1136
2073,9,9,1139
2073,9,10,1163
2073,9,11,1166
2073,9,12,1169
2073,9,13,1172
2073,9,14,1175
2073,9,15,1199
2073,9,16,1202
2073,9,17,1205
2073,9,18,1208
2073,9,19,1211
2073,9,20,1235
2073,9,21,1238
2073,9,22,1241
2073,9,23,1244
2073,9,24,1247
2073,9,25,1271
2073,9,26,1274
2073,9,27,1277
2073,9,28,1280
2073,9,29,1283
2073,10,0,1343
2073,10,1,1346
2073,10,2,1349
2073,10,3,1352
2073,10,4,1355
2073,10,5,1379
2073,10,6,1382
2073,10,7,1385
2073,10,8,1388
2073,10,9,1391
2073,10,10,1415
2073,10,11,1418
2073,10,12,1421
2073,10,13,1424
2073,10,14,1427
2073,10,15,1451
2073,10,16,1454
2073,10,17,1457
2073,10,18,1460
2073,10,19,1463
2073,10,20,1487
2073,10,21,1490
2073,10,22,1493
2073,10,23,1496
2073,10,24,1499
2073,10,25,1523
2073,10,26,1526
2073,10,27,1529
2073,10,28,1532
2073,10,29,1535
2073,11,0,1595
2073,11,1,1598
2073,11,2,1601
2073,11,3,1604
2073,11,4,1607
2073,11,5,1631
2073,11,6,1634
2073,11,7,1637
2073,11,8,1640
2073,11,9,1643
2073,11,10,1667
2073,11,11,1670
2073,11,12,1673
2073,11,13,1676
2073,11,14,1679
2073,11,15,1703
2073,11,16,1706
2073,11,17,1709
2073,11,18,1712
2073,11,19,1715
2073,11,20,1739
2073,11,21,1742
2073,11,22,1745
2073,11,23,1748
2073,11,24,1751
2073,11,25,1775
2073,11,26,1778
2073,11,27,1781
2073,11,28,1784
2073,11,29,1787
2074,0,0,6
2074,0,1,7
2074,0,2,8
2074,0,3,13
2074,0,4,14
2074,0,5,15
2074,0,6,57
2074,0,7,58
2074,0,8,59
2074,0,9,10369
2074,0,10,10370
2074,0,11,10371
2074,0,12,10373
2074,0,13,10374
2074,0,14,10375
2074,0,15,41311
2074,0,16,23
2074,0,17,23448
2074,0,18,23449
2074,0,19,23450
2074,0,20,23451
2074,0,21,39746
2075,0,0,14513
2075,0,1,14516
2075,0,2,14519
2075,0,3,14522
2075,0,4,14525
2075,0,5,14549
2075,0,6,14552
2075,0,7,14555
2075,0,8,14558
2075,0,9,14561
2075,0,10,14585
2075,0,11,14588
2075,0,12,14591
2075,0,13,14594
2075,0,14,14597
2075,1,0,61
2075,1,1,2198
2075,1,2,39738
2075,1,3,40761
2075,2,0,3687
2075,2,1,3688
2075,2,2,3689
2075,2,3,3690
2075,2,4,3691
2075,2,5,3692
2075,2,6,3693
2075,2,7,7098
2075,2,8,7100
2075,2,9,7465
2075,2,10,7492
2075,2,11,36141
2075,2,12,33973
2075,2,13,26607
2075,3,0,1811
2075,3,1,1814
2075,3,2,1817
2075,3,3,1820
2075,3,4,1823
2075,3,5,1847
2075,3,6,1850
2075,3,7,1853
2075,3,8,1856
2075,3,9,1859
2075,3,10,1883
2075,3,11,1886
2075,3,12,1889
2075,3,13,1892
2075,3,14,1895
2075,4,0,61
2075,4,1,2198
2075,4,2,39738
2075,4,3,40761
2075,5,0,3687
2075,5,1,3688
2075,5,2,3689
2075,5,3,3690
2075,5,4,3691
2075,5,5,3692
2075,5,6,3693
2075,5,7,7098
2075,5,8,7100
2075,5,9,7465
2075,5,10,7492
2075,5,11,36141
2075,5,12,33973
2075,5,13,26607
2076,0,0,38417
2076,0,1,38524
2076,0,2,38418
2076,0,3,38419
2076,0,4,38420
2076,0,5,38421
2076,0,6,38435
2076,0,7,38748
2076,0,8,38436
2076,0,9,38437
2076,0,10,38438
2076,0,11,38439
2076,0,12,38453
2076,0,13,38751
2076,0,14,38454
2076,0,15,38455
2076,0,16,38456
2076,0,17,38457
2076,1,0,38423
2076,1,1,38746
2076,1,2,38424
2076,1,3,38425
2076,1,4,38426
2076,1,5,38427
2076,1,6,38441
2076,1,7,38749
2076,1,8,38442
2076,1,9,38443
2076,1,10,38444
2076,1,11,38445
2076,1,12,38459
2076,1,13,38752
2076,1,14,38460
2076,1,15,38461
2076,1,16,38462
2076,1,17,38463
2076,2,0,38429
2076,2,1,38747
2076,2,2,38430
2076,2,3,38431
2076,2,4,38432
2076,2,5,38433
2076,2,6,38447
2076,2,7,38750
2076,2,8,38448
2076,2,9,38449
2076,2,10,38450
2076,2,11,38451
2076,2,12,38465
2076,2,13,38753
2076,2,14,38466
2076,2,15,38467
2076,2,16,38468
2076,2,17,38469
2076,3,0,38498
2076,3,1,38499
2076,3,2,38500
2076,3,3,38501
2076,3,4,38502
2076,3,5,38536
2076,3,6,38488
2076,3,7,38489
2076,3,8,38490
2076,3,9,38491
2076,3,10,38492
2076,3,11,38534
2076,3,12,38503
2076,3,13,38862
2076,3,14,38863
2076,3,15,38864
2076,3,16,38865
2076,3,17,38866
2076,4,0,2137
2076,4,1,2138
2076,4,2,2139
2076,4,3,3909
2076,5,0,2143
2076,5,1,2144
2076,5,2,7552
2076,5,3,7553
2076,5,4,9226
2076,5,5,9227
2076,5,6,9237
2083,0,0,19617
2083,0,1,19618
2083,0,2,19619
2083,0,3,19620
2083,0,4,19621
2083,0,5,19622
2083,0,6,19635
2083,0,7,19636
2083,0,8,19637
2083,0,9,19638
2083,0,10,19639
2083,0,11,19640
2083,0,12,19623
2083,0,13,19624
2083,0,14,19625
2083,0,15,19626
2083,0,16,19627
2083,0,17,19628
2083,0,18,19611
2083,0,19,19612
2083,0,20,19613
2083,0,21,19614
2083,0,22,19615
2083,0,23,19616
2083,0,24,19629
2083,0,25,19630
2083,0,26,19631
2083,0,27,19632
2083,0,28,19633
2083,0,29,19634
2083,1,0,19641
2083,1,1,19642
7495,0,0,10739
7495,0,1,10742
7495,0,2,10745
7495,0,3,10775
7495,0,4,10778
7495,0,5,10781
7495,0,6,10811
7495,0,7,10814
7495,0,8,10817
7495,0,9,10847
7495,0,10,10850
7495,0,11,10853
7495,0,12,10883
7495,0,13,10886
7495,0,14,10889
7495,0,15,10919
7495,0,16,10922
7495,0,17,10925
7495,0,18,10955
7495,0,19,10958
7495,0,20,10961
7495,0,21,10991
7495,0,22,10994
7495,0,23,10997
7495,0,24,11027
7495,0,25,11030
7495,0,26,11033
7495,1,0,11387
7495,1,1,11390
7495,1,2,11393
7495,2,0,10376
7496,0,0,11513
7496,0,1,11516
7496,0,2,11519
7496,0,3,11549
7496,0,4,11552
7496,0,5,11555
7496,0,6,11585
7496,0,7,11588
7496,0,8,11591
7496,0,9,11621
7496,0,10,11624
7496,0,11,11627
7496,0,12,11657
7496,0,13,11660
7496,0,14,11663
7496,0,15,11693
7496,0,16,11696
7496,0,17,11699
7496,1,0,11765
7496,1,1,11768
7496,1,2,11771
7496,1,3,11801
7496,1,4,11804
7496,1,5,11807
7496,1,6,11837
7496,1,7,11840
7496,1,8,11843
7496,1,9,11873
7496,1,10,11876
7496,1,11,11879
7496,1,12,11909
7496,1,13,11912
7496,1,14,11915
7496,1,15,11945
7496,1,16,11948
7496,1,17,11951
7496,2,0,12017
7496,2,1,12020
7496,2,2,12023
7496,2,3,12053
7496,2,4,12056
7496,2,5,12059
7496,2,6,12089
7496,2,7,12092
7496,2,8,12095
7496,2,9,12125
7496,2,10,12128
7496,2,11,12131
7496,2,12,12161
7496,2,13,12164
7496,2,14,12167
7496,2,15,12197
7496,2,16,12200
7496,2,17,12203
7496,3,0,13025
7496,3,1,13028
7496,3,2,13031
7496,3,3,13061
7496,3,4,13064
7496,3,5,13067
7496,3,6,13097
7496,3,7,13100
7496,3,8,13103
7496,3,9,13133
7496,3,10,13136
7496,3,11,13139
7496,3,12,13169
7496,3,13,13172
7496,3,14,13175
7496,3,15,13205
7496,3,16,13208
7496,3,17,13211
7496,4,0,13277
7496,4,1,13280
7496,4,2,13283
7496,4,3,13313
7496,4,4,13316
7496,4,5,13319
7496,4,6,13349
7496,4,7,13352
7496,4,8,13355
7496,4,9,13385
7496,4,10,13388
7496,4,11,13391
7496,4,12,13421
7496,4,13,13424
7496,4,14,13427
7496,4,15,13457
7496,4,16,13460
7496,4,17,13463
7496,5,0,13529
7496,5,1,13532
7496,5,2,13535
7496,5,3,13565
7496,5,4,13568
7496,5,5,13571
7496,5,6,13601
7496,5,7,13604
7496,5,8,13607
7496,5,9,13637
7496,5,10,13640
7496,5,11,13643
7496,5,12,13673
7496,5,13,13676
7496,5,14,13679
7496,5,15,13709
7496,5,16,13712
7496,5,17,13715
7497,0,0,4
7497,0,1,5
7497,0,2,6
7497,0,3,7
7497,0,4,8
7497,0,5,11
7497,0,6,12
7497,0,7,13
7497,0,8,14
7497,0,9,15
7497,0,10,55
7497,0,11,56
7497,0,12,57
7497,0,13,58
7497,0,14,59
7497,0,15,10368
7497,0,16,10369
7497,0,17,10370
7497,0,18,10371
7497,0,19,10372
7497,0,20,10373
7497,0,21,10374
7497,0,22,10375
7497,0,23,41311
7497,0,24,23
7497,0,25,23448
7497,0,26,23449
7497,0,27,23450
7497,0,28,23451
7497,0,29,39746
7498,0,0,14501
7498,0,1,14504
7498,0,2,14507
7498,0,3,14537
7498,0,4,14540
7498,0,5,14543
7498,0,6,14573
7498,0,7,14576
7498,0,8,14579
7498,1,0,61
7498,1,1,2198
7498,1,2,39738
7498,1,3,40761
7498,2,0,3683
7498,2,1,3684
7498,2,2,3685
7498,2,3,3686
7498,2,4,3687
7498,2,5,3688
7498,2,6,3689
7498,2,7,3690
7498,2,8,3691
7498,2,9,3692
7498,2,10,3693
7498,2,11,7098
7498,2,12,7100
7498,2,13,7465
7498,2,14,7492
7498,2,15,36141
7498,2,16,33973
7498,2,17,26607
7499,0,0,2137
7499,0,1,2138
7499,0,2,2139
7499,0,3,3909
7499,1,0,2143
7499,1,1,2144
7499,1,2,7552
7499,1,3,7553
7499,1,4,9226
7499,1,5,9227
7499,1,6,9237
7499,2,0,38417
7499,2,1,38524
7499,2,2,38418
7499,2,3,38419
7499,2,4,38420
7499,2,5,38421
7499,2,6,38435
7499,2,7,38748
7499,2,8,38436
7499,2,9,38437
7499,2,10,38438
7499,2,11,38439
7499,2,12,38453
7499,2,13,38751
7499,2,14,38454
7499,2,15,38455
7499,2,16,38456
7499,2,17,38457
7499,3,0,38423
7499,3,1,38746
7499,3,2,38424
7499,3,3,38425
7499,3,4,38426
7499,3,5,38427
7499,3,6,38441
7499,3,7,38749
7499,3,8,38442
7499,3,9,38443
7499,3,10,38444
7499,3,11,38445
7499,3,12,38459
7499,3,13,38752
7499,3,14,38460
7499,3,15,38461
7499,3,16,38462
7499,3,17,38463
7499,4,0,38429
7499,4,1,38747
7499,4,2,38430
7499,4,3,38431
7499,4,4,38432
7499,4,5,38433
7499,4,6,38447
7499,4,7,38750
7499,4,8,38448
7499,4,9,38449
7499,4,10,38450
7499,4,11,38451
7499,4,12,38465
7499,4,13,38753
7499,4,14,38466
7499,4,15,38467
7499,4,16,38468
7499,4,17,38469
7499,5,0,38498
7499,5,1,38499
7499,5,2,38500
7499,5,3,38501
7499,5,4,38502
7499,5,5,38536
7499,5,6,38488
7499,5,7,38489
7499,5,8,38490
7499,5,9,38491
7499,5,10,38492
7499,5,11,38534
7499,5,12,38503
7499,5,13,38862
7499,5,14,38863
7499,5,15,38864
7499,5,16,38865
7499,5,17,38866
7503,0,0,19617
7503,0,1,19618
7503,0,2,19619
7503,0,3,19620
7503,0,4,19621
7503,0,5,19622
7503,0,6,19635
7503,0,7,19636
7503,0,8,19637
7503,0,9,19638
7503,0,10,19639
7503,0,11,19640
7503,0,12,19623
7503,0,13,19624
7503,0,14,19625
7503,0,15,19626
7503,0,16,19627
7503,0,17,19628
7503,0,18,19611
7503,0,19,19612
7503,0,20,19613
7503,0,21,19614
7503,0,22,19615
7503,0,23,19616
7503,0,24,19629
7503,0,25,19630
7503,0,26,19631
7503,0,27,19632
7503,0,28,19633
7503,0,29,19634
7503,1,0,19641
7503,1,1,19642
7525,0,0,9268
7525,0,1,9269
7525,0,2,9270
7525,0,3,9271
7525,1,0,9267
7525,1,1,35658
7525,1,2,35659
7525,1,3,35660
7525,1,4,35661
7525,1,5,35662
7525,1,6,36180
7525,1,7,40760
7530,0,0,10745
7530,0,1,10748
7530,0,2,10751
7530,0,3,10781
7530,0,4,10784
7530,0,5,10787
7530,0,6,10817
7530,0,7,10820
7530,0,8,10823
7530,0,9,10853
7530,0,10,10856
7530,0,11,10859
7530,0,12,10889
7530,0,13,10892
7530,0,14,10895
7530,0,15,10925
7530,0,16,10928
7530,0,17,10931
7530,0,18,10961
7530,0,19,10964
7530,0,20,10967
7530,0,21,10997
7530,0,22,11000
7530,0,23,11003
7530,0,24,11033
7530,0,25,11036
7530,0,26,11039
7530,1,0,11393
7530,1,1,11396
7530,1,2,11399
7530,2,0,10376
7531,0,0,11519
7531,0,1,11522
7531,0,2,11525
7531,0,3,11555
7531,0,4,11558
7531,0,5,11561
7531,0,6,11591
7531,0,7,11594
7531,0,8,11597
7531,0,9,11627
7531,0,10,11630
7531,0,11,11633
7531,0,12,11663
7531,0,13,11666
7531,0,14,11669
7531,0,15,11699
7531,0,16,11702
7531,0,17,11705
7531,1,0,11771
7531,1,1,11774
7531,1,2,11777
7531,1,3,11807
7531,1,4,11810
7531,1,5,11813
7531,1,6,11843
7531,1,7,11846
7531,1,8,11849
7531,1,9,11879
7531,1,10,11882
7531,1,11,11885
7531,1,12,11915
7531,1,13,11918
7531,1,14,11921
7531,1,15,11951
7531,1,16,11954
7531,1,17,11957
7531,2,0,12023
7531,2,1,12026
7531,2,2,12029
7531,2,3,12059
7531,2,4,12062
7531,2,5,12065
7531,2,6,12095
7531,2,7,12098
7531,2,8,12101
7531,2,9,12131
7531,2,10,12134
7531,2,11,12137
7531,2,12,12167
7531,2,13,12170
7531,2,14,12173
7531,2,15,12203
7531,2,16,12206
7531,2,17,12209
7531,3,0,13031
7531,3,1,13034
7531,3,2,13037
7531,3,3,13067
7531,3,4,13070
7531,3,5,13073
7531,3,6,13103
7531,3,7,13106
7531,3,8,13109
7531,3,9,13139
7531,3,10,13142
7531,3,11,13145
7531,3,12,13175
7531,3,13,13178
7531,3,14,13181
7531,3,15,13211
7531,3,16,13214
7531,3,17,13217
7531,4,0,13283
7531,4,1,13286
7531,4,2,13289
7531,4,3,13319
7531,4,4,13322
7531,4,5,13325
7531,4,6,13355
7531,4,7,13358
7531,4,8,13361
7531,4,9,13391
7531,4,10,13394
7531,4,11,13397
7531,4,12,13427
7531,4,13,13430
7531,4,14,13433
7531,4,15,13463
7531,4,16,13466
7531,4,17,13469
7531,5,0,13535
7531,5,1,13538
7531,5,2,13541
7531,5,3,13571
7531,5,4,13574
7531,5,5,13577
7531,5,6,13607
7531,5,7,13610
7531,5,8,13613
7531,5,9,13643
7531,5,10,13646
7531,5,11,13649
7531,5,12,13679
7531,5,13,13682
7531,5,14,13685
7531,5,15,13715
7531,5,16,13718
7531,5,17,13721
7532,0,0,5
7532,0,1,6
7532,0,2,7
7532,0,3,8
7532,0,4,12
7532,0,5,13
7532,0,6,14
7532,0,7,15
7532,0,8,56
7532,0,9,57
7532,0,10,58
7532,0,11,59
7532,0,12,10368
7532,0,13,10369
7532,0,14,10370
7532,0,15,10371
7532,0,16,10372
7532,0,17,10373
7532,0,18,10374
7532,0,19,10375
7532,0,20,41311
7532,0,21,23
7532,0,22,23448
7532,0,23,23449
7532,0,24,23450
7532,0,25,23451
7532,0,26,39746
7533,0,0,14507
7533,0,1,14510
7533,0,2,14513
7533,0,3,14543
7533,0,4,14546
7533,0,5,14549
7533,0,6,14579
7533,0,7,14582
7533,0,8,14585
7533,1,0,61
7533,1,1,2198
7533,1,2,39738
7533,1,3,40761
7533,2,0,3685
7533,2,1,3686
7533,2,2,3687
7533,2,3,3688
7533,2,4,3689
7533,2,5,3690
7533,2,6,3691
7533,2,7,3692
7533,2,8,3693
7533,2,9,7098
7533,2,10,7100
7533,2,11,7465
7533,2,12,7492
7533,2,13,36141
7534,0,0,2137
7534,0,1,2138
7534,0,2,2139
7534,0,3,3909
7534,1,0,2143
7534,1,1,2144
7534,1,2,7552
7534,1,3,7553
7534,1,4,9226
7534,1,5,9227
7534,1,6,9237
7534,2,0,38417
7534,2,1,38524
7534,2,2,38418
7534,2,3,38419
7534,2,4,38420
7534,2,5,38421
7534,2,6,38435
7534,2,7,38748
7534,2,8,38436
7534,2,9,38437
7534,2,10,38438
7534,2,11,38439
7534,2,12,38453
7534,2,13,38751
7534,2,14,38454
7534,2,15,38455
7534,2,16,38456
7534,2,17,38457
7534,3,0,38423
7534,3,1,38746
7534,3,2,38424
7534,3,3,38425
7534,3,4,38426
7534,3,5,38427
7534,3,6,38441
7534,3,7,38749
7534,3,8,38442
7534,3,9,38443
7534,3,10,38444
7534,3,11,38445
7534,3,12,38459
7534,3,13,38752
7534,3,14,38460
7534,3,15,38461
7534,3,16,38462
7534,3,17,38463
7534,4,0,38429
7534,4,1,38747
7534,4,2,38430
7534,4,3,38431
7534,4,4,38432
7534,4,5,38433
7534,4,6,38447
7534,4,7,38750
7534,4,8,38448
7534,4,9,38449
7534,4,10,38450
7534,4,11,38451
7534,4,12,38465
7534,4,13,38753
7534,4,14,38466
7534,4,15,38467
7534,4,16,38468
7534,4,17,38469
7534,5,0,38498
7534,5,1,38499
7534,5,2,38500
7534,5,3,38501
7534,5,4,38502
7534,5,5,38536
7534,5,6,38488
7534,5,7,38489
7534,5,8,38490
7534,5,9,38491
7534,5,10,38492
7534,5,11,38534
7534,5,12,38503
7534,5,13,38862
7534,5,14,38863
7534,5,15,38864
7534,5,16,38865
7534,5,17,38866
7537,0,0,19617
7537,0,1,19618
7537,0,2,19619
7537,0,3,19620
7537,0,4,19621
7537,0,5,19622
7537,0,6,19635
7537,0,7,19636
7537,0,8,19637
7537,0,9,19638
7537,0,10,19639
7537,0,11,19640
7537,0,12,19623
7537,0,13,19624
7537,0,14,19625
7537,0,15,19626
7537,0,16,19627
7537,0,17,19628
7537,0,18,19611
7537,0,19,19612
7537,0,20,19613
7537,0,21,19614
7537,0,22,19615
7537,0,23,19616
7537,0,24,19629
7537,0,25,19630
7537,0,26,19631
7537,0,27,19632
7537,0,28,19633
7537,0,29,19634
7537,1,0,19641
7537,1,1,19642
9273,0,0,9268
9273,0,1,9269
9273,0,2,9270
9273,0,3,9271
9273,1,0,9267
9273,1,1,40760
9274,0,0,9268
9274,0,1,9269
9274,0,2,9270
9274,0,3,9271
9274,1,0,9267
9274,1,1,35658
9274,1,2,35659
9274,1,3,35660
9274,1,4,35661
9274,1,5,35662
9274,1,6,36180
9274,1,7,40760
10122,0,0,9268
10122,0,1,9269
10122,0,2,9270
10122,0,3,9271
10122,1,0,9267
10122,1,1,40760
19520,0,0,19585
19520,0,1,19233
19520,0,2,19230
19520,0,3,19231
19520,0,4,19605
19520,0,5,19232
19520,0,6,19234
19520,0,7,19609
19520,0,8,35656
19520,0,9,35657
19520,0,10,36181
19520,0,11,36182
19522,0,0,19595
19522,0,1,19229
19522,0,2,19596
19522,0,3,19594
22444,0,0,19595
22444,0,1,19229
22444,0,2,19596
22444,0,3,19594
22456,0,0,19233
22456,0,1,19230
22456,0,2,19605
22456,0,3,19232
22456,0,4,19231
22456,0,5,19234
22456,0,6,19609
22456,0,7,19585
22456,0,8,35656
22456,0,9,35657
22456,0,10,36181
22456,0,11,36182
22458,0,0,19599
22458,0,1,19597
22458,0,2,19600
22458,0,3,19598
22461,0,0,19588
22461,0,1,19233
22461,0,2,19230
22461,0,3,19231
22461,0,4,19605
22461,0,5,19232
22461,0,6,19234
22461,0,7,19609
22461,0,8,35656
22461,0,9,35657
22461,0,10,36181
22461,0,11,36182
22463,0,0,19603
22463,0,1,19601
22463,0,2,19604
22463,0,3,19602
26734,0,0,10766
26734,0,1,10767
26734,0,2,10768
26734,0,3,10769
26734,0,4,10802
26734,0,5,10803
26734,0,6,10804
26734,0,7,10805
26734,0,8,10838
26734,0,9,10839
26734,0,10,10840
26734,0,11,10841
26734,0,12,10874
26734,0,13,10875
26734,0,14,10876
26734,0,15,10877
26734,0,16,10910
26734,0,17,10911
26734,0,18,10912
26734,0,19,10913
26734,0,20,10946
26734,0,21,10947
26734,0,22,10948
26734,0,23,10949
26734,0,24,10982
26734,0,25,10983
26734,0,26,10984
26734,0,27,10985
26734,0,28,11018
26734,0,29,11019
26734,0,30,11020
26734,0,31,11021
26734,0,32,11054
26734,0,33,11055
26734,0,34,11056
26734,0,35,11057
26734,1,0,11414
26734,1,1,11415
26734,1,2,11416
26734,1,3,11417
26734,2,0,10376
26734,3,0,98
26734,3,1,99
26734,3,2,100
26734,3,3,101
26734,3,4,134
26734,3,5,135
26734,3,6,136
26734,3,7,137
26734,3,8,170
26734,3,9,171
26734,3,10,172
26734,3,11,173
26734,3,12,206
26734,3,13,207
26734,3,14,208
26734,3,15,209
26734,3,16,242
26734,3,17,243
26734,3,18,244
26734,3,19,245
26734,4,0,278
26734,4,1,279
26734,4,2,280
26734,4,3,281
26734,5,0,62
26735,0,0,6
26735,0,1,7
26735,0,2,8
26735,0,3,13
26735,0,4,14
26735,0,5,15
26735,0,6,57
26735,0,7,58
26735,0,8,59
26735,0,9,10369
26735,0,10,10370
26735,0,11,10371
26735,0,12,10373
26735,0,13,10374
26735,0,14,10375
26735,0,15,41311
26735,0,16,23
26735,0,17,23448
26735,0,18,23449
26735,0,19,23450
26735,0,20,23451
26735,0,21,39746
26736,0,0,11504
26736,0,1,11505
26736,0,2,11506
26736,0,3,11540
26736,0,4,11541
26736,0,5,11542
26736,0,6,11576
26736,0,7,11577
26736,0,8,11578
26736,0,9,11612
26736,0,10,11613
26736,0,11,11614
26736,0,12,11648
26736,0,13,11649
26736,0,14,11650
26736,0,15,11684
26736,0,16,11685
26736,0,17,11686
26736,0,18,11720
26736,0,19,11721
26736,0,20,11722
26736,0,21,11723
26736,0,22,11507
26736,0,23,11579
26736,0,24,11615
26736,0,25,11651
26736,0,26,11687
26736,1,0,11756
26736,1,1,11757
26736,1,2,11758
26736,1,3,11792
26736,1,4,11793
26736,1,5,11794
26736,1,6,11828
26736,1,7,11829
26736,1,8,11830
26736,1,9,11864
26736,1,10,11865
26736,1,11,11866
26736,1,12,11900
26736,1,13,11901
26736,1,14,11902
26736,1,15,11936
26736,1,16,11937
26736,1,17,11938
26736,1,18,11972
26736,1,19,11973
26736,1,20,11974
26736,1,21,11975
26736,1,22,11759
26736,1,23,11831
26736,1,24,11867
26736,1,25,11903
26736,1,26,11939
26736,2,0,12008
26736,2,1,12009
26736,2,2,12010
26736,2,3,12044
26736,2,4,12045
26736,2,5,12046
26736,2,6,12080
26736,2,7,12081
26736,2,8,12082
26736,2,9,12116
26736,2,10,12117
26736,2,11,12118
26736,2,12,12152
26736,2,13,12153
26736,2,14,12154
26736,2,15,12188
26736,2,16,12189
26736,2,17,12190
26736,2,18,12224
26736,2,19,12225
26736,2,20,12226
26736,2,21,12227
26736,2,22,12011
26736,2,23,12083
26736,2,24,12119
26736,2,25,12155
26736,2,26,12191
26736,3,0,13016
26736,3,1,13017
26736,3,2,13018
26736,3,3,13052
26736,3,4,13053
26736,3,5,13054
26736,3,6,13088
26736,3,7,13089
26736,3,8,13090
26736,3,9,13124
26736,3,10,13125
26736,3,11,13126
26736,3,12,13160
26736,3,13,13161
26736,3,14,13162
26736,3,15,13196
26736,3,16,13197
26736,3,17,13198
26736,3,18,13232
26736,3,19,13233
26736,3,20,13234
26736,3,21,13235
26736,3,22,13019
26736,3,23,13091
26736,3,24,13127
26736,3,25,13163
26736,3,26,13199
26736,4,0,13268
26736,4,1,13269
26736,4,2,13270
26736,4,3,13304
26736,4,4,13305
26736,4,5,13306
26736,4,6,13340
26736,4,7,13341
26736,4,8,13342
26736,4,9,13376
26736,4,10,13377
26736,4,11,13378
26736,4,12,13412
26736,4,13,13413
26736,4,14,13414
26736,4,15,13448
26736,4,16,13449
26736,4,17,13450
26736,4,18,13484
26736,4,19,13485
26736,4,20,13486
26736,4,21,13487
26736,4,22,13271
26736,4,23,13343
26736,4,24,13379
26736,4,25,13415
26736,4,26,13451
26736,5,0,13520
26736,5,1,13521
26736,5,2,13522
26736,5,3,13556
26736,5,4,13557
26736,5,5,13558
26736,5,6,13592
26736,5,7,13593
26736,5,8,13594
26736,5,9,13628
26736,5,10,13629
26736,5,11,13630
26736,5,12,13664
26736,5,13,13665
26736,5,14,13666
26736,5,15,13700
26736,5,16,13701
26736,5,17,13702
26736,5,18,13736
26736,5,19,13737
26736,5,20,13738
26736,5,21,13739
26736,5,22,13523
26736,5,23,13595
26736,5,24,13631
26736,5,25,13667
26736,5,26,13703
26736,6,0,314
26736,6,1,315
26736,6,2,316
26736,6,3,350
26736,6,4,351
26736,6,5,352
26736,6,6,386
26736,6,7,387
26736,6,8,388
26736,6,9,422
26736,6,10,423
26736,6,11,424
26736,6,12,458
26736,6,13,459
26736,6,14,460
26736,6,15,494
26736,6,16,495
26736,6,17,496
26736,6,18,530
26736,6,19,531
26736,6,20,532
26736,6,21,533
26736,6,22,317
26736,6,23,389
26736,6,24,425
26736,6,25,461
26736,6,26,497
26736,7,0,566
26736,7,1,567
26736,7,2,568
26736,7,3,602
26736,7,4,603
26736,7,5,604
26736,7,6,638
26736,7,7,639
26736,7,8,640
26736,7,9,674
26736,7,10,675
26736,7,11,676
26736,7,12,710
26736,7,13,711
26736,7,14,712
26736,7,15,746
26736,7,16,747
26736,7,17,748
26736,7,18,782
26736,7,19,783
26736,7,20,784
26736,7,21,785
26736,7,22,569
26736,7,23,641
26736,7,24,677
26736,7,25,713
26736,7,26,749
26736,8,0,818
26736,8,1,819
26736,8,2,820
26736,8,3,854
26736,8,4,855
26736,8,5,856
26736,8,6,890
26736,8,7,891
26736,8,8,892
26736,8,9,926
26736,8,10,927
26736,8,11,928
26736,8,12,962
26736,8,13,963
26736,8,14,964
26736,8,15,998
26736,8,16,999
26736,8,17,1000
26736,8,18,1034
26736,8,19,1035
26736,8,20,1036
26736,8,21,1037
26736,8,22,821
26736,8,23,893
26736,8,24,929
26736,8,25,965
26736,8,26,1001
26736,9,0,1070
26736,9,1,1071
26736,9,2,1072
26736,9,3,1106
26736,9,4,1107
26736,9,5,1108
26736,9,6,1142
26736,9,7,1143
26736,9,8,1144
26736,9,9,1178
26736,9,10,1179
26736,9,11,1180
26736,9,12,1214
26736,9,13,1215
26736,9,14,1216
26736,9,15,1250
26736,9,16,1251
26736,9,17,1252
26736,9,18,1286
26736,9,19,1287
26736,9,20,1288
26736,9,21,1289
26736,9,22,1073
26736,9,23,1145
26736,9,24,1181
26736,9,25,1217
26736,9,26,1253
26736,10,0,1322
26736,10,1,1323
26736,10,2,1324
26736,10,3,1358
26736,10,4,1359
26736,10,5,1360
26736,10,6,1394
26736,10,7,1395
26736,10,8,1396
26736,10,9,1430
26736,10,10,1431
26736,10,11,1432
26736,10,12,1466
26736,10,13,1467
26736,10,14,1468
26736,10,15,1502
26736,10,16,1503
26736,10,17,1504
26736,10,18,1538
26736,10,19,1539
26736,10,20,1540
26736,10,21,1541
26736,10,22,1325
26736,10,23,1397
26736,10,24,1433
26736,10,25,1469
26736,10,26,1505
26736,11,0,1574
26736,11,1,1575
26736,11,2,1576
26736,11,3,1610
26736,11,4,1611
26736,11,5,1612
26736,11,6,1646
26736,11,7,1647
26736,11,8,1648
26736,11,9,1682
26736,11,10,1683
26736,11,11,1684
26736,11,12,1718
26736,11,13,1719
26736,11,14,1720
26736,11,15,1754
26736,11,16,1755
26736,11,17,1756
26736,11,18,1790
26736,11,19,1791
26736,11,20,1792
26736,11,21,1793
26736,11,22,1577
26736,11,23,1649
26736,11,24,1685
26736,11,25,1721
26736,11,26,1757
26738,0,0,19617
26738,0,1,19618
26738,0,2,19619
26738,0,3,19620
26738,0,4,19621
26738,0,5,19622
26738,0,6,19635
26738,0,7,19636
26738,0,8,19637
26738,0,9,19638
26738,0,10,19639
26738,0,11,19640
26738,0,12,19623
26738,0,13,19624
26738,0,14,19625
26738,0,15,19626
26738,0,16,19627
26738,0,17,19628
26738,0,18,19611
26738,0,19,19612
26738,0,20,19613
26738,0,21,19614
26738,0,22,19615
26738,0,23,19616
26738,0,24,19629
26738,0,25,19630
26738,0,26,19631
26738,0,27,19632
26738,0,28,19633
26738,0,29,19634
26738,1,0,19641
26738,1,1,19642
26739,0,0,9268
26739,0,1,9269
26739,0,2,9270
26739,0,3,9271
26739,1,0,9267
26739,1,1,35658
26739,1,2,35659
26739,1,3,35660
26739,1,4,35661
26739,1,5,35662
26739,1,6,36180
26739,1,7,40760
26741,0,0,38417
26741,0,1,38524
26741,0,2,38418
26741,0,3,38419
26741,0,4,38420
26741,0,5,38421
26741,0,6,38435
26741,0,7,38748
26741,0,8,38436
26741,0,9,38437
26741,0,10,38438
26741,0,11,38439
26741,0,12,38453
26741,0,13,38751
26741,0,14,38454
26741,0,15,38455
26741,0,16,38456
26741,0,17,38457
26741,1,0,38423
26741,1,1,38746
26741,1,2,38424
26741,1,3,38425
26741,1,4,38426
26741,1,5,38427
26741,1,6,38441
26741,1,7,38749
26741,1,8,38442
26741,1,9,38443
26741,1,10,38444
26741,1,11,38445
26741,1,12,38459
26741,1,13,38752
26741,1,14,38460
26741,1,15,38461
26741,1,16,38462
26741,1,17,38463
26741,2,0,38429
26741,2,1,38747
26741,2,2,38430
26741,2,3,38431
26741,2,4,38432
26741,2,5,38433
26741,2,6,38447
26741,2,7,38750
26741,2,8,38448
26741,2,9,38449
26741,2,10,38450
26741,2,11,38451
26741,2,12,38465
26741,2,13,38753
26741,2,14,38466
26741,2,15,38467
26741,2,16,38468
26741,2,17,38469
26741,3,0,38498
26741,3,1,38499
26741,3,2,38500
26741,3,3,38501
26741,3,4,38502
26741,3,5,38536
26741,3,6,38488
26741,3,7,38489
26741,3,8,38490
26741,3,9,38491
26741,3,10,38492
26741,3,11,38534
26741,3,12,38503
26741,3,13,38862
26741,3,14,38863
26741,3,15,38864
26741,3,16,38865
26741,3,17,38866
26741,4,0,2137
26741,4,1,2138
26741,4,2,2139
26741,4,3,3909
26741,5,0,2143
26741,5,1,2144
26741,5,2,7552
26741,5,3,7553
26741,5,4,9226
26741,5,5,9227
26741,5,6,9237
26762,0,0,9268
26762,0,1,9269
26762,0,2,9270
26762,0,3,9271
26762,1,0,9267
26762,1,1,35658
26762,1,2,35659
26762,1,3,35660
26762,1,4,35661
26762,1,5,35662
26762,1,6,36180
26762,1,7,40760
26763,0,0,19617
26763,0,1,19618
26763,0,2,19619
26763,0,3,19620
26763,0,4,19621
26763,0,5,19622
26763,0,6,19635
26763,0,7,19636
26763,0,8,19637
26763,0,9,19638
26763,0,10,19639
26763,0,11,19640
26763,0,12,19623
26763,0,13,19624
26763,0,14,19625
26763,0,15,19626
26763,0,16,19627
26763,0,17,19628
26763,0,18,19611
26763,0,19,19612
26763,0,20,19613
26763,0,21,19614
26763,0,22,19615
26763,0,23,19616
26763,0,24,19629
26763,0,25,19630
26763,0,26,19631
26763,0,27,19632
26763,0,28,19633
26763,0,29,19634
26763,1,0,19641
26763,1,1,19642
26764,0,0,10766
26764,0,1,10767
26764,0,2,10768
26764,0,3,10769
26764,0,4,10802
26764,0,5,10803
26764,0,6,10804
26764,0,7,10805
26764,0,8,10838
26764,0,9,10839
26764,0,10,10840
26764,0,11,10841
26764,0,12,10874
26764,0,13,10875
26764,0,14,10876
26764,0,15,10877
26764,0,16,10910
26764,0,17,10911
26764,0,18,10912
26764,0,19,10913
26764,0,20,10946
26764,0,21,10947
26764,0,22,10948
26764,0,23,10949
26764,0,24,10982
26764,0,25,10983
26764,0,26,10984
26764,0,27,10985
26764,0,28,11018
26764,0,29,11019
26764,0,30,11020
26764,0,31,11021
26764,0,32,11054
26764,0,33,11055
26764,0,34,11056
26764,0,35,11057
26764,1,0,11414
26764,1,1,11415
26764,1,2,11416
26764,1,3,11417
26764,2,0,10376
26764,3,0,98
26764,3,1,99
26764,3,2,100
26764,3,3,101
26764,3,4,134
26764,3,5,135
26764,3,6,136
26764,3,7,137
26764,3,8,170
26764,3,9,171
26764,3,10,172
26764,3,11,173
26764,3,12,206
26764,3,13,207
26764,3,14,208
26764,3,15,209
26764,3,16,242
26764,3,17,243
26764,3,18,244
26764,3,19,245
26764,4,0,278
26764,4,1,279
26764,4,2,280
26764,4,3,281
26764,5,0,62
26765,0,0,11504
26765,0,1,11505
26765,0,2,11506
26765,0,3,11540
26765,0,4,11541
26765,0,5,11542
26765,0,6,11576
26765,0,7,11577
26765,0,8,11578
26765,0,9,11612
26765,0,10,11613
26765,0,11,11614
26765,0,12,11648
26765,0,13,11649
26765,0,14,11650
26765,0,15,11684
26765,0,16,11685
26765,0,17,11686
26765,0,18,11720
26765,0,19,11721
26765,0,20,11722
26765,0,21,11723
26765,0,22,11507
26765,0,23,11579
26765,0,24,11615
26765,0,25,11651
26765,0,26,11687
26765,1,0,11756
26765,1,1,11757
26765,1,2,11758
26765,1,3,11792
26765,1,4,11793
26765,1,5,11794
26765,1,6,11828
26765,1,7,11829
26765,1,8,11830
26765,1,9,11864
26765,1,10,11865
26765,1,11,11866
26765,1,12,11900
26765,1,13,11901
26765,1,14,11902
26765,1,15,11936
26765,1,16,11937
26765,1,17,11938
26765,1,18,11972
26765,1,19,11973
26765,1,20,11974
26765,1,21,11975
26765,1,22,11759
26765,1,23,11831
26765,1,24,11867
26765,1,25,11903
26765,1,26,11939
26765,2,0,12008
26765,2,1,12009
26765,2,2,12010
26765,2,3,12044
26765,2,4,12045
26765,2,5,12046
26765,2,6,12080
26765,2,7,12081
26765,2,8,12082
26765,2,9,12116
26765,2,10,12117
26765,2,11,12118
26765,2,12,12152
26765,2,13,12153
26765,2,14,12154
26765,2,15,12188
26765,2,16,12189
26765,2,17,12190
26765,2,18,12224
26765,2,19,12225
26765,2,20,12226
26765,2,21,12227
26765,2,22,12011
26765,2,23,12083
26765,2,24,12119
26765,2,25,12155
26765,2,26,12191
26765,3,0,13016
26765,3,1,13017
26765,3,2,13018
26765,3,3,13052
26765,3,4,13053
26765,3,5,13054
26765,3,6,13088
26765,3,7,13089
26765,3,8,13090
26765,3,9,13124
26765,3,10,13125
26765,3,11,13126
26765,3,12,13160
26765,3,13,13161
26765,3,14,13162
26765,3,15,13196
26765,3,16,13197
26765,3,17,13198
26765,3,18,13232
26765,3,19,13233
26765,3,20,13234
26765,3,21,13235
26765,3,22,13019
26765,3,23,13091
26765,3,24,13127
26765,3,25,13163
26765,3,26,13199
26765,4,0,13268
26765,4,1,13269
26765,4,2,13270
26765,4,3,13304
26765,4,4,13305
26765,4,5,13306
26765,4,6,13340
26765,4,7,13341
26765,4,8,13342
26765,4,9,13376
26765,4,10,13377
26765,4,11,13378
26765,4,12,13412
26765,4,13,13413
26765,4,14,13414
26765,4,15,13448
26765,4,16,13449
26765,4,17,13450
26765,4,18,13484
26765,4,19,13485
26765,4,20,13486
26765,4,21,13487
26765,4,22,13271
26765,4,23,13343
26765,4,24,13379
26765,4,25,13415
26765,4,26,13451
26765,5,0,13520
26765,5,1,13521
26765,5,2,13522
26765,5,3,13556
26765,5,4,13557
26765,5,5,13558
26765,5,6,13592
26765,5,7,13593
26765,5,8,13594
26765,5,9,13628
26765,5,10,13629
26765,5,11,13630
26765,5,12,13664
26765,5,13,13665
26765,5,14,13666
26765,5,15,13700
26765,5,16,13701
26765,5,17,13702
26765,5,18,13736
26765,5,19,13737
26765,5,20,13738
26765,5,21,13739
26765,5,22,13523
26765,5,23,13595
26765,5,24,13631
26765,5,25,13667
26765,5,26,13703
26765,6,0,314
26765,6,1,315
26765,6,2,316
26765,6,3,350
26765,6,4,351
26765,6,5,352
26765,6,6,386
26765,6,7,387
26765,6,8,388
26765,6,9,422
26765,6,10,423
26765,6,11,424
26765,6,12,458
26765,6,13,459
26765,6,14,460
26765,6,15,494
26765,6,16,495
26765,6,17,496
26765,6,18,530
26765,6,19,531
26765,6,20,532
26765,6,21,533
26765,6,22,317
26765,6,23,389
26765,6,24,425
26765,6,25,461
26765,6,26,497
26765,7,0,566
26765,7,1,567
26765,7,2,568
26765,7,3,602
26765,7,4,603
26765,7,5,604
26765,7,6,638
26765,7,7,639
26765,7,8,640
26765,7,9,674
26765,7,10,675
26765,7,11,676
26765,7,12,710
26765,7,13,711
26765,7,14,712
26765,7,15,746
26765,7,16,747
26765,7,17,748
26765,7,18,782
26765,7,19,783
26765,7,20,784
26765,7,21,785
26765,7,22,569
26765,7,23,641
26765,7,24,677
26765,7,25,713
26765,7,26,749
26765,8,0,818
26765,8,1,819
26765,8,2,820
26765,8,3,854
26765,8,4,855
26765,8,5,856
26765,8,6,890
26765,8,7,891
26765,8,8,892
26765,8,9,926
26765,8,10,927
26765,8,11,928
26765,8,12,962
26765,8,13,963
26765,8,14,964
26765,8,15,998
26765,8,16,999
26765,8,17,1000
26765,8,18,1034
26765,8,19,1035
26765,8,20,1036
26765,8,21,1037
26765,8,22,821
26765,8,23,893
26765,8,24,929
26765,8,25,965
26765,8,26,1001
26765,9,0,1070
26765,9,1,1071
26765,9,2,1072
26765,9,3,1106
26765,9,4,1107
26765,9,5,1108
26765,9,6,1142
26765,9,7,1143
26765,9,8,1144
26765,9,9,1178
26765,9,10,1179
26765,9,11,1180
26765,9,12,1214
26765,9,13,1215
26765,9,14,1216
26765,9,15,1250
26765,9,16,1251
26765,9,17,1252
26765,9,18,1286
26765,9,19,1287
26765,9,20,1288
26765,9,21,1289
26765,9,22,1073
26765,9,23,1145
26765,9,24,1181
26765,9,25,1217
26765,9,26,1253
26765,10,0,1322
26765,10,1,1323
26765,10,2,1324
26765,10,3,1358
26765,10,4,1359
26765,10,5,1360
26765,10,6,1394
26765,10,7,1395
26765,10,8,1396
26765,10,9,1430
26765,10,10,1431
26765,10,11,1432
26765,10,12,1466
26765,10,13,1467
26765,10,14,1468
26765,10,15,1502
26765,10,16,1503
26765,10,17,1504
26765,10,18,1538
26765,10,19,1539
26765,10,20,1540
26765,10,21,1541
26765,10,22,1325
26765,10,23,1397
26765,10,24,1433
26765,10,25,1469
26765,10,26,1505
26765,11,0,1574
26765,11,1,1575
26765,11,2,1576
26765,11,3,1610
26765,11,4,1611
26765,11,5,1612
26765,11,6,1646
26765,11,7,1647
26765,11,8,1648
26765,11,9,1682
26765,11,10,1683
26765,11,11,1684
26765,11,12,1718
26765,11,13,1719
26765,11,14,1720
26765,11,15,1754
26765,11,16,1755
26765,11,17,1756
26765,11,18,1790
26765,11,19,1791
26765,11,20,1792
26765,11,21,1793
26765,11,22,1577
26765,11,23,1649
26765,11,24,1685
26765,11,25,1721
26765,11,26,1757
26766,0,0,6
26766,0,1,7
26766,0,2,8
26766,0,3,13
26766,0,4,14
26766,0,5,15
26766,0,6,57
26766,0,7,58
26766,0,8,59
26766,0,9,10369
26766,0,10,10370
26766,0,11,10371
26766,0,12,10373
26766,0,13,10374
26766,0,14,10375
26766,0,15,41311
26766,0,16,23
26766,0,17,23448
26766,0,18,23449
26766,0,19,23450
26766,0,20,23451
26766,0,21,39746
26767,0,0,14528
26767,0,1,14529
26767,0,2,14530
26767,0,3,14531
26767,0,4,14600
26767,0,5,14601
26767,0,6,14602
26767,0,7,14603
26767,0,8,14564
26767,0,9,14565
26767,0,10,14566
26767,0,11,14567
26767,1,0,61
26767,1,1,2198
26767,1,2,39738
26767,1,3,40761
26767,2,0,3687
26767,2,1,3688
26767,2,2,3689
26767,2,3,3690
26767,2,4,3691
26767,2,5,3692
26767,2,6,3693
26767,2,7,7098
26767,2,8,7100
26767,2,9,7465
26767,2,10,7492
26767,2,11,26607
26767,2,12,26597
26767,2,13,26601
26767,2,14,26603
26767,2,15,26605
26767,2,16,26602
26767,2,17,26604
26767,2,18,36141
26767,3,0,1826
26767,3,1,1827
26767,3,2,1828
26767,3,3,1829
26767,3,4,1898
26767,3,5,1899
26767,3,6,1900
26767,3,7,1901
26767,3,8,1862
26767,3,9,1863
26767,3,10,1864
26767,3,11,1865
26767,4,0,61
26767,4,1,2198
26767,4,2,39738
26767,4,3,40761
26767,5,0,3687
26767,5,1,3688
26767,5,2,3689
26767,5,3,3690
26767,5,4,3691
26767,5,5,3692
26767,5,6,3693
26767,5,7,7098
26767,5,8,7100
26767,5,9,7465
26767,5,10,7492
26767,5,11,26607
26767,5,12,26597
26767,5,13,26601
26767,5,14,26603
26767,5,15,26605
26767,5,16,26602
26767,5,17,26604
26767,5,18,36141
26768,0,0,14528
26768,0,1,14529
26768,0,2,14530
26768,0,3,14531
26768,0,4,14600
26768,0,5,14601
26768,0,6,14602
26768,0,7,14603
26768,0,8,14564
26768,0,9,14565
26768,0,10,14566
26768,0,11,14567
26768,1,0,61
26768,1,1,2198
26768,1,2,39738
26768,1,3,40761
26768,2,0,3687
26768,2,1,3688
26768,2,2,3689
26768,2,3,3690
26768,2,4,3691
26768,2,5,3692
26768,2,6,3693
26768,2,7,7098
26768,2,8,7100
26768,2,9,7465
26768,2,10,7492
26768,2,11,26607
26768,2,12,26597
26768,2,13,26601
26768,2,14,26603
26768,2,15,26605
26768,2,16,26602
26768,2,17,26604
26768,2,18,36141
26768,3,0,1826
26768,3,1,1827
26768,3,2,1828
26768,3,3,1829
26768,3,4,1898
26768,3,5,1899
26768,3,6,1900
26768,3,7,1901
26768,3,8,1862
26768,3,9,1863
26768,3,10,1864
26768,3,11,1865
26768,4,0,61
26768,4,1,2198
26768,4,2,39738
26768,4,3,40761
26768,5,0,3687
26768,5,1,3688
26768,5,2,3689
26768,5,3,3690
26768,5,4,3691
26768,5,5,3692
26768,5,6,3693
26768,5,7,7098
26768,5,8,7100
26768,5,9,7465
26768,5,10,7492
26768,5,11,26607
26768,5,12,26597
26768,5,13,26601
26768,5,14,26603
26768,5,15,26605
26768,5,16,26602
26768,5,17,26604
26768,5,18,36141
26771,0,0,25275
26771,0,1,25273
26771,0,2,25276
26771,0,3,25271
26771,0,4,25274
26771,0,5,25272
26771,0,6,25369
26771,0,7,25367
26771,0,8,25370
26771,0,9,25365
26771,0,10,25368
26771,0,11,25366
26771,0,12,25521
26771,0,13,25519
26771,0,14,25522
26771,0,15,25517
26771,0,16,25520
26771,0,17,25518
26771,0,18,25557
26771,0,19,25555
26771,0,20,25558
26771,0,21,25553
26771,0,22,25556
26771,0,23,25554
26771,1,0,25281
26771,1,1,25279
26771,1,2,25282
26771,1,3,25277
26771,1,4,25280
26771,1,5,25278
26771,1,6,25375
26771,1,7,25373
26771,1,8,25376
26771,1,9,25371
26771,1,10,25374
26771,1,11,25372
26771,1,12,25527
26771,1,13,25525
26771,1,14,25528
26771,1,15,25523
26771,1,16,25526
26771,1,17,25524
26771,1,18,25563
26771,1,19,25561
26771,1,20,25564
26771,1,21,25559
26771,1,22,25562
26771,1,23,25560
26771,2,0,25287
26771,2,1,25285
26771,2,2,25288
26771,2,3,25283
26771,2,4,25286
26771,2,5,25284
26771,2,6,25381
26771,2,7,25379
26771,2,8,25382
26771,2,9,25377
26771,2,10,25380
26771,2,11,25378
26771,2,12,25533
26771,2,13,25531
26771,2,14,25534
26771,2,15,25529
26771,2,16,25532
26771,2,17,25530
26771,2,18,25569
26771,2,19,25567
26771,2,20,25570
26771,2,21,25565
26771,2,22,25568
26771,2,23,25566
26771,3,0,25293
26771,3,1,25291
26771,3,2,25294
26771,3,3,25289
26771,3,4,25292
26771,3,5,25290
26771,3,6,25387
26771,3,7,25385
26771,3,8,25388
26771,3,9,25383
26771,3,10,25386
26771,3,11,25384
26771,3,12,25539
26771,3,13,25537
26771,3,14,25540
26771,3,15,25535
26771,3,16,25538
26771,3,17,25536
26771,3,18,25575
26771,3,19,25573
26771,3,20,25576
26771,3,21,25571
26771,3,22,25574
26771,3,23,25572
26771,4,0,25299
26771,4,1,25297
26771,4,2,25300
26771,4,3,25295
26771,4,4,25298
26771,4,5,25296
26771,4,6,25393
26771,4,7,25391
26771,4,8,25394
26771,4,9,25389
26771,4,10,25392
26771,4,11,25390
26771,4,12,25545
26771,4,13,25543
26771,4,14,25546
26771,4,15,25541
26771,4,16,25544
26771,4,17,25542
26771,4,18,25581
26771,4,19,25579
26771,4,20,25582
26771,4,21,25577
26771,4,22,25580
26771,4,23,25578
26771,5,0,25305
26771,5,1,25303
26771,5,2,25306
26771,5,3,25301
26771,5,4,25304
26771,5,5,25302
26771,5,6,25399
26771,5,7,25397
26771,5,8,25400
26771,5,9,25395
26771,5,10,25398
26771,5,11,25396
26771,5,12,25551
26771,5,13,25549
26771,5,14,25552
26771,5,15,25547
26771,5,16,25550
26771,5,17,25548
26771,5,18,25587
26771,5,19,25585
26771,5,20,25588
26771,5,21,25583
26771,5,22,25586
26771,5,23,25584
26771,6,0,25239
26771,6,1,25237
26771,6,2,25240
26771,6,3,25235
26771,6,4,25238
26771,6,5,25236
26771,6,6,25333
26771,6,7,25331
26771,6,8,25334
26771,6,9,25329
26771,6,10,25332
26771,6,11,25330
26771,6,12,25427
26771,6,13,25425
26771,6,14,25428
26771,6,15,25423
26771,6,16,25426
26771,6,17,25424
26771,6,18,25485
26771,6,19,25483
26771,6,20,25486
26771,6,21,25481
26771,6,22,25484
26771,6,23,25482
26771,7,0,25245
26771,7,1,25243
26771,7,2,25246
26771,7,3,25241
26771,7,4,25244
26771,7,5,25242
26771,7,6,25339
26771,7,7,25337
26771,7,8,25340
26771,7,9,25335
26771,7,10,25338
26771,7,11,25336
26771,7,12,25433
26771,7,13,25431
26771,7,14,25434
26771,7,15,25429
26771,7,16,25432
26771,7,17,25430
26771,7,18,25491
26771,7,19,25489
26771,7,20,25492
26771,7,21,25487
26771,7,22,25490
26771,7,23,25488
26771,8,0,25251
26771,8,1,25249
26771,8,2,25252
26771,8,3,25247
26771,8,4,25250
26771,8,5,25248
26771,8,6,25345
26771,8,7,25343
26771,8,8,25346
26771,8,9,25341
26771,8,10,25344
26771,8,11,25342
26771,8,12,25439
26771,8,13,25437
26771,8,14,25440
26771,8,15,25435
26771,8,16,25438
26771,8,17,25436
26771,8,18,25497
26771,8,19,25495
26771,8,20,25498
26771,8,21,25493
26771,8,22,25496
26771,8,23,25494
26771,9,0,25257
26771,9,1,25255
26771,9,2,25258
26771,9,3,25253
26771,9,4,25256
26771,9,5,25254
26771,9,6,25351
26771,9,7,25349
26771,9,8,25352
26771,9,9,25347
26771,9,10,25350
26771,9,11,25348
26771,9,12,25445
26771,9,13,25443
26771,9,14,25446
26771,9,15,25441
26771,9,16,25444
26771,9,17,25442
26771,9,18,25503
26771,9,19,25501
26771,9,20,25504
26771,9,21,25499
26771,9,22,25502
26771,9,23,25500
26771,10,0,25263
26771,10,1,25261
26771,10,2,25264
26771,10,3,25259
26771,10,4,25262
26771,10,5,25260
26771,10,6,25357
26771,10,7,25355
26771,10,8,25358
26771,10,9,25353
26771,10,10,25356
26771,10,11,25354
26771,10,12,25451
26771,10,13,25449
26771,10,14,25452
26771,10,15,25447
26771,10,16,25450
26771,10,17,25448
26771,10,18,25509
26771,10,19,25507
26771,10,20,25510
26771,10,21,25505
26771,10,22,25508
26771,10,23,25506
26771,11,0,25269
26771,11,1,25267
26771,11,2,25270
26771,11,3,25265
26771,11,4,25268
26771,11,5,25266
26771,11,6,25363
26771,11,7,25361
26771,11,8,25364
26771,11,9,25359
26771,11,10,25362
26771,11,11,25360
26771,11,12,25457
26771,11,13,25455
26771,11,14,25458
26771,11,15,25453
26771,11,16,25456
26771,11,17,25454
26771,11,18,25515
26771,11,19,25513
26771,11,20,25516
26771,11,21,25511
26771,11,22,25514
26771,11,23,25512
26772,0,0,25275
26772,0,1,25273
26772,0,2,25276
26772,0,3,25271
26772,0,4,25274
26772,0,5,25272
26772,0,6,25369
26772,0,7,25367
26772,0,8,25370
26772,0,9,25365
26772,0,10,25368
26772,0,11,25366
26772,0,12,25521
26772,0,13,25519
26772,0,14,25522
26772,0,15,25517
26772,0,16,25520
26772,0,17,25518
26772,0,18,25557
26772,0,19,25555
26772,0,20,25558
26772,0,21,25553
26772,0,22,25556
26772,0,23,25554
26772,1,0,25281
26772,1,1,25279
26772,1,2,25282
26772,1,3,25277
26772,1,4,25280
26772,1,5,25278
26772,1,6,25375
26772,1,7,25373
26772,1,8,25376
26772,1,9,25371
26772,1,10,25374
26772,1,11,25372
26772,1,12,25527
26772,1,13,25525
26772,1,14,25528
26772,1,15,25523
26772,1,16,25526
26772,1,17,25524
26772,1,18,25563
26772,1,19,25561
26772,1,20,25564
26772,1,21,25559
26772,1,22,25562
26772,1,23,25560
26772,2,0,25287
26772,2,1,25285
26772,2,2,25288
26772,2,3,25283
26772,2,4,25286
26772,2,5,25284
26772,2,6,25381
26772,2,7,25379
26772,2,8,25382
26772,2,9,25377
26772,2,10,25380
26772,2,11,25378
26772,2,12,25533
26772,2,13,25531
26772,2,14,25534
26772,2,15,25529
26772,2,16,25532
26772,2,17,25530
26772,2,18,25569
26772,2,19,25567
26772,2,20,25570
26772,2,21,25565
26772,2,22,25568
26772,2,23,25566
26772,3,0,25293
26772,3,1,25291
26772,3,2,25294
26772,3,3,25289
26772,3,4,25292
26772,3,5,25290
26772,3,6,25387
26772,3,7,25385
26772,3,8,25388
26772,3,9,25383
26772,3,10,25386
26772,3,11,25384
26772,3,12,25539
26772,3,13,25537
26772,3,14,25540
26772,3,15,25535
26772,3,16,25538
26772,3,17,25536
26772,3,18,25575
26772,3,19,25573
26772,3,20,25576
26772,3,21,25571
26772,3,22,25574
26772,3,23,25572
26772,4,0,25299
26772,4,1,25297
26772,4,2,25300
26772,4,3,25295
26772,4,4,25298
26772,4,5,25296
26772,4,6,25393
26772,4,7,25391
26772,4,8,25394
26772,4,9,25389
26772,4,10,25392
26772,4,11,25390
26772,4,12,25545
26772,4,13,25543
26772,4,14,25546
26772,4,15,25541
26772,4,16,25544
26772,4,17,25542
26772,4,18,25581
26772,4,19,25579
26772,4,20,25582
26772,4,21,25577
26772,4,22,25580
26772,4,23,25578
26772,5,0,25305
26772,5,1,25303
26772,5,2,25306
26772,5,3,25301
26772,5,4,25304
26772,5,5,25302
26772,5,6,25399
26772,5,7,25397
26772,5,8,25400
26772,5,9,25395
26772,5,10,25398
26772,5,11,25396
26772,5,12,25551
26772,5,13,25549
26772,5,14,25552
26772,5,15,25547
26772,5,16,25550
26772,5,17,25548
26772,5,18,25587
26772,5,19,25585
26772,5,20,25588
26772,5,21,25583
26772,5,22,25586
26772,5,23,25584
26772,6,0,25239
26772,6,1,25237
26772,6,2,25240
26772,6,3,25235
26772,6,4,25238
26772,6,5,25236
26772,6,6,25333
26772,6,7,25331
26772,6,8,25334
26772,6,9,25329
26772,6,10,25332
26772,6,11,25330
26772,6,12,25427
26772,6,13,25425
26772,6,14,25428
26772,6,15,25423
26772,6,16,25426
26772,6,17,25424
26772,6,18,25485
26772,6,19,25483
26772,6,20,25486
26772,6,21,25481
26772,6,22,25484
26772,6,23,25482
26772,7,0,25245
26772,7,1,25243
26772,7,2,25246
26772,7,3,25241
26772,7,4,25244
26772,7,5,25242
26772,7,6,25339
26772,7,7,25337
26772,7,8,25340
26772,7,9,25335
26772,7,10,25338
26772,7,11,25336
26772,7,12,25433
26772,7,13,25431
26772,7,14,25434
26772,7,15,25429
26772,7,16,25432
26772,7,17,25430
26772,7,18,25491
26772,7,19,25489
26772,7,20,25492
26772,7,21,25487
26772,7,22,25490
26772,7,23,25488
26772,8,0,25251
26772,8,1,25249
26772,8,2,25252
26772,8,3,25247
26772,8,4,25250
26772,8,5,25248
26772,8,6,25345
26772,8,7,25343
26772,8,8,25346
26772,8,9,25341
26772,8,10,25344
26772,8,11,25342
26772,8,12,25439
26772,8,13,25437
26772,8,14,25440
26772,8,15,25435
26772,8,16,25438
26772,8,17,25436
26772,8,18,25497
26772,8,19,25495
26772,8,20,25498
26772,8,21,25493
26772,8,22,25496
26772,8,23,25494
26772,9,0,25257
26772,9,1,25255
26772,9,2,25258
26772,9,3,25253
26772,9,4,25256
26772,9,5,25254
26772,9,6,25351
26772,9,7,25349
26772,9,8,25352
26772,9,9,25347
26772,9,10,25350
26772,9,11,25348
26772,9,12,25445
26772,9,13,25443
26772,9,14,25446
26772,9,15,25441
26772,9,16,25444
26772,9,17,25442
26772,9,18,25503
26772,9,19,25501
26772,9,20,25504
26772,9,21,25499
26772,9,22,25502
26772,9,23,25500
26772,10,0,25263
26772,10,1,25261
26772,10,2,25264
26772,10,3,25259
26772,10,4,25262
26772,10,5,25260
26772,10,6,25357
26772,10,7,25355
26772,10,8,25358
26772,10,9,25353
26772,10,10,25356
26772,10,11,25354
26772,10,12,25451
26772,10,13,25449
26772,10,14,25452
26772,10,15,25447
26772,10,16,25450
26772,10,17,25448
26772,10,18,25509
26772,10,19,25507
26772,10,20,25510
26772,10,21,25505
26772,10,22,25508
26772,10,23,25506
26772,11,0,25269
26772,11,1,25267
26772,11,2,25270
26772,11,3,25265
26772,11,4,25268
26772,11,5,25266
26772,11,6,25363
26772,11,7,25361
26772,11,8,25364
26772,11,9,25359
26772,11,10,25362
26772,11,11,25360
26772,11,12,25457
26772,11,13,25455
26772,11,14,25458
26772,11,15,25453
26772,11,16,25456
26772,11,17,25454
26772,11,18,25515
26772,11,19,25513
26772,11,20,25516
26772,11,21,25511
26772,11,22,25514
26772,11,23,25512
26791,0,0,5766
26791,0,1,5767
26791,0,2,5768
26791,0,3,5769
26791,0,4,5770
26791,0,5,5771
26791,0,6,25219
26791,0,7,25313
26791,0,8,25407
26791,0,9,25465
26791,0,10,5802
26791,0,11,5803
26791,0,12,5804
26791,0,13,5805
26791,0,14,5806
26791,0,15,5807
26791,0,16,25220
26791,0,17,25314
26791,0,18,25408
26791,0,19,25466
26791,0,20,5838
26791,0,21,5839
26791,0,22,5840
26791,0,23,5841
26791,0,24,5842
26791,0,25,5843
26791,0,26,25221
26791,0,27,25315
26791,0,28,25409
26791,0,29,25467
26791,1,0,14633
26791,1,1,14634
26791,1,2,14635
26791,1,3,14636
26791,1,4,14637
26791,1,5,14638
26791,1,6,25232
26791,1,7,25326
26791,1,8,25420
26791,1,9,25478
26791,1,10,14669
26791,1,11,14670
26791,1,12,14671
26791,1,13,14672
26791,1,14,14673
26791,1,15,14674
26791,1,16,25233
26791,1,17,25327
26791,1,18,25421
26791,1,19,25479
26791,1,20,14705
26791,1,21,14706
26791,1,22,14707
26791,1,23,14708
26791,1,24,14709
26791,1,25,14710
26791,1,26,25234
26791,1,27,25328
26791,1,28,25422
26791,1,29,25480
35148,0,0,35729
35148,0,1,35732
35148,0,2,35730
35148,0,3,35733
35148,1,0,35741
35148,1,1,35744
35148,1,2,35742
35148,1,3,35745
35149,0,0,35729
35149,0,1,35732
35149,0,2,35730
35149,0,3,35733
35149,1,0,35741
35149,1,1,35744
35149,1,2,35742
35149,1,3,35745
35150,0,0,35729
35150,0,1,35732
35150,0,2,35730
35150,0,3,35733
35150,1,0,35741
35150,1,1,35744
35150,1,2,35742
35150,1,3,35745
35151,0,0,35729
35151,0,1,35732
35151,0,2,35730
35151,0,3,35733
35151,1,0,35741
35151,1,1,35744
35151,1,2,35742
35151,1,3,35745
35152,0,0,35729
35152,0,1,35732
35152,0,2,35730
35152,0,3,35733
35152,1,0,35741
35152,1,1,35744
35152,1,2,35742
35152,1,3,35745
35153,0,0,35723
35153,0,1,35726
35153,0,2,35724
35153,0,3,35727
35153,1,0,35735
35153,1,1,35738
35153,1,2,35736
35153,1,3,35739
35154,0,0,35723
35154,0,1,35726
35154,0,2,35724
35154,0,3,35727
35154,1,0,35735
35154,1,1,35738
35154,1,2,35736
35154,1,3,35739
35155,0,0,35723
35155,0,1,35726
35155,0,2,35724
35155,0,3,35727
35155,1,0,35735
35155,1,1,35738
35155,1,2,35736
35155,1,3,35739
35156,0,0,35723
35156,0,1,35726
35156,0,2,35724
35156,0,3,35727
35156,1,0,35735
35156,1,1,35738
35156,1,2,35736
35156,1,3,35739
35157,0,0,35723
35157,0,1,35726
35157,0,2,35724
35157,0,3,35727
35157,1,0,35735
35157,1,1,35738
35157,1,2,35736
35157,1,3,35739
36190,0,0,57
36190,0,1,58
36190,0,2,59
36190,0,3,10369
36190,0,4,10370
36190,0,5,10371
36190,0,6,10373
36190,0,7,10374
36190,0,8,10375
36190,0,9,6
36190,0,10,7
36190,0,11,8
36190,0,12,13
36190,0,13,14
36190,0,14,15
36190,0,15,23448
36190,0,16,23449
36190,0,17,23450
36190,0,18,23451
36190,1,0,62
36190,1,1,10376
36190,2,0,39738
38654,0,0,29439
38654,0,1,29511
38654,0,2,29547
38654,0,3,29581
38654,0,4,29617
38654,0,5,29653
38654,0,6,29442
38654,0,7,29514
38654,0,8,29550
38654,0,9,29584
38654,0,10,29620
38654,0,11,29656
38654,0,12,29445
38654,0,13,29517
38654,0,14,29553
38654,0,15,29587
38654,0,16,29623
38654,0,17,29659
38654,0,18,29440
38654,0,19,29512
38654,0,20,29548
38654,0,21,29582
38654,0,22,29618
38654,0,23,29654
38654,0,24,29443
38654,0,25,29515
38654,0,26,29551
38654,0,27,29585
38654,0,28,29621
38654,0,29,29657
38654,0,30,29446
38654,0,31,29518
38654,0,32,29554
38654,0,33,29588
38654,0,34,29624
38654,0,35,29660
38654,1,0,29689
38654,1,1,29761
38654,1,2,29797
38654,1,3,29833
38654,1,4,29869
38654,1,5,29905
38654,1,6,29692
38654,1,7,29764
38654,1,8,29800
38654,1,9,29836
38654,1,10,29872
38654,1,11,29908
38654,1,12,29695
38654,1,13,29767
38654,1,14,29803
38654,1,15,29839
38654,1,16,29875
38654,1,17,29911
38654,1,18,29690
38654,1,19,29762
38654,1,20,29798
38654,1,21,29834
38654,1,22,29870
38654,1,23,29906
38654,1,24,29693
38654,1,25,29765
38654,1,26,29801
38654,1,27,29837
38654,1,28,29873
38654,1,29,29909
38654,1,30,29696
38654,1,31,29768
38654,1,32,29804
38654,1,33,29840
38654,1,34,29876
38654,1,35,29912
38654,2,0,29941
38654,2,1,30013
38654,2,2,30049
38654,2,3,30083
38654,2,4,30119
38654,2,5,30155
38654,2,6,29944
38654,2,7,30016
38654,2,8,30052
38654,2,9,30086
38654,2,10,30122
38654,2,11,30158
38654,2,12,29947
38654,2,13,30019
38654,2,14,30055
38654,2,15,30089
38654,2,16,30125
38654,2,17,30161
38654,2,18,29942
38654,2,19,30014
38654,2,20,30050
38654,2,21,30084
38654,2,22,30120
38654,2,23,30156
38654,2,24,29945
38654,2,25,30017
38654,2,26,30053
38654,2,27,30087
38654,2,28,30123
38654,2,29,30159
38654,2,30,29948
38654,2,31,30020
38654,2,32,30056
38654,2,33,30090
38654,2,34,30126
38654,2,35,30162
38654,3,0,30191
38654,3,1,30263
38654,3,2,30299
38654,3,3,30333
38654,3,4,30369
38654,3,5,30405
38654,3,6,30194
38654,3,7,30266
38654,3,8,30302
38654,3,9,30336
38654,3,10,30372
38654,3,11,30408
38654,3,12,30197
38654,3,13,30269
38654,3,14,30305
38654,3,15,30339
38654,3,16,30375
38654,3,17,30411
38654,3,18,30192
38654,3,19,30264
38654,3,20,30300
38654,3,21,30334
38654,3,22,30370
38654,3,23,30406
38654,3,24,30195
38654,3,25,30267
38654,3,26,30303
38654,3,27,30337
38654,3,28,30373
38654,3,29,30409
38654,3,30,30198
38654,3,31,30270
38654,3,32,30306
38654,3,33,30340
38654,3,34,30376
38654,3,35,30412
38654,4,0,30441
38654,4,1,30513
38654,4,2,30549
38654,4,3,30585
38654,4,4,30621
38654,4,5,30657
38654,4,6,30444
38654,4,7,30516
38654,4,8,30552
38654,4,9,30588
38654,4,10,30624
38654,4,11,30660
38654,4,12,30447
38654,4,13,30519
38654,4,14,30555
38654,4,15,30591
38654,4,16,30627
38654,4,17,30663
38654,4,18,30442
38654,4,19,30514
38654,4,20,30550
38654,4,21,30586
38654,4,22,30622
38654,4,23,30658
38654,4,24,30445
38654,4,25,30517
38654,4,26,30553
38654,4,27,30589
38654,4,28,30625
38654,4,29,30661
38654,4,30,30448
38654,4,31,30520
38654,4,32,30556
38654,4,33,30592
38654,4,34,30628
38654,4,35,30664
38654,5,0,30693
38654,5,1,30765
38654,5,2,30801
38654,5,3,30835
38654,5,4,30871
38654,5,5,30907
38654,5,6,30696
38654,5,7,30768
38654,5,8,30804
38654,5,9,30838
38654,5,10,30874
38654,5,11,30910
38654,5,12,30699
38654,5,13,30771
38654,5,14,30807
38654,5,15,30841
38654,5,16,30877
38654,5,17,30913
38654,5,18,30694
38654,5,19,30766
38654,5,20,30802
38654,5,21,30836
38654,5,22,30872
38654,5,23,30908
38654,5,24,30697
38654,5,25,30769
38654,5,26,30805
38654,5,27,30839
38654,5,28,30875
38654,5,29,30911
38654,5,30,30700
38654,5,31,30772
38654,5,32,30808
38654,5,33,30842
38654,5,34,30878
38654,5,35,30914
38654,6,0,25834
38654,6,1,25837
38654,6,2,25840
38654,6,3,25868
38654,6,4,25871
38654,6,5,25874
38654,6,6,25903
38654,6,7,25906
38654,6,8,25909
38654,6,9,25938
38654,6,10,25941
38654,6,11,25944
38654,6,12,25971
38654,6,13,25974
38654,6,14,25977
38654,6,15,25835
38654,6,16,25838
38654,6,17,25841
38654,6,18,25869
38654,6,19,25872
38654,6,20,25875
38654,6,21,25904
38654,6,22,25907
38654,6,23,25910
38654,6,24,25939
38654,6,25,25942
38654,6,26,25945
38654,6,27,25972
38654,6,28,25975
38654,6,29,25978
38654,7,0,26005
38654,7,1,26008
38654,7,2,26011
38654,7,3,26006
38654,7,4,26009
38654,7,5,26012
38654,8,0,25626
38654,8,1,25629
38654,8,2,25632
38654,8,3,25661
38654,8,4,25664
38654,8,5,25667
38654,8,6,25695
38654,8,7,25698
38654,8,8,25701
38654,8,9,25627
38654,8,10,25630
38654,8,11,25633
38654,8,12,25662
38654,8,13,25665
38654,8,14,25668
38654,8,15,25696
38654,8,16,25699
38654,8,17,25702
38654,9,0,39008
38654,9,1,39009
38654,9,2,39012
38654,9,3,39016
38654,9,4,39017
38654,9,5,39018
38654,9,6,39023
38654,9,7,39024
38654,9,8,39026
38654,9,9,39025
38654,9,10,39568
38654,9,11,39569
38654,9,12,39570
38654,9,13,39571
38654,9,14,40081
38654,9,15,39257
38654,9,16,40721
38654,10,0,40712
38654,10,1,40715
38654,10,2,40718
38655,0,0,29448
38655,0,1,29520
38655,0,2,29556
38655,0,3,29590
38655,0,4,29626
38655,0,5,29662
38655,0,6,29451
38655,0,7,29523
38655,0,8,29559
38655,0,9,29593
38655,0,10,29629
38655,0,11,29665
38655,0,12,29449
38655,0,13,29521
38655,0,14,29557
38655,0,15,29591
38655,0,16,29627
38655,0,17,29663
38655,0,18,29452
38655,0,19,29524
38655,0,20,29560
38655,0,21,29594
38655,0,22,29630
38655,0,23,29666
38655,1,0,29698
38655,1,1,29770
38655,1,2,29806
38655,1,3,29842
38655,1,4,29878
38655,1,5,29914
38655,1,6,29701
38655,1,7,29773
38655,1,8,29809
38655,1,9,29845
38655,1,10,29881
38655,1,11,29917
38655,1,12,29699
38655,1,13,29771
38655,1,14,29807
38655,1,15,29843
38655,1,16,29879
38655,1,17,29915
38655,1,18,29702
38655,1,19,29774
38655,1,20,29810
38655,1,21,29846
38655,1,22,29882
38655,1,23,29918
38655,2,0,29950
38655,2,1,30022
38655,2,2,30058
38655,2,3,30092
38655,2,4,30128
38655,2,5,30164
38655,2,6,29953
38655,2,7,30025
38655,2,8,30061
38655,2,9,30095
38655,2,10,30131
38655,2,11,30167
38655,2,12,29951
38655,2,13,30023
38655,2,14,30059
38655,2,15,30093
38655,2,16,30129
38655,2,17,30165
38655,2,18,29954
38655,2,19,30026
38655,2,20,30062
38655,2,21,30096
38655,2,22,30132
38655,2,23,30168
38655,3,0,30200
38655,3,1,30272
38655,3,2,30308
38655,3,3,30342
38655,3,4,30378
38655,3,5,30414
38655,3,6,30203
38655,3,7,30275
38655,3,8,30311
38655,3,9,30345
38655,3,10,30381
38655,3,11,30417
38655,3,12,30201
38655,3,13,30273
38655,3,14,30309
38655,3,15,30343
38655,3,16,30379
38655,3,17,30415
38655,3,18,30204
38655,3,19,30276
38655,3,20,30312
38655,3,21,30346
38655,3,22,30382
38655,3,23,30418
38655,4,0,30450
38655,4,1,30522
38655,4,2,30558
38655,4,3,30594
38655,4,4,30630
38655,4,5,30666
38655,4,6,30453
38655,4,7,30525
38655,4,8,30561
38655,4,9,30597
38655,4,10,30633
38655,4,11,30669
38655,4,12,30451
38655,4,13,30523
38655,4,14,30559
38655,4,15,30595
38655,4,16,30631
38655,4,17,30667
38655,4,18,30454
38655,4,19,30526
38655,4,20,30562
38655,4,21,30598
38655,4,22,30634
38655,4,23,30670
38655,5,0,30702
38655,5,1,30774
38655,5,2,30810
38655,5,3,30844
38655,5,4,30880
38655,5,5,30916
38655,5,6,30705
38655,5,7,30777
38655,5,8,30813
38655,5,9,30847
38655,5,10,30883
38655,5,11,30919
38655,5,12,30703
38655,5,13,30775
38655,5,14,30811
38655,5,15,30845
38655,5,16,30881
38655,5,17,30917
38655,5,18,30706
38655,5,19,30778
38655,5,20,30814
38655,5,21,30848
38655,5,22,30884
38655,5,23,30920
38655,6,0,25843
38655,6,1,25846
38655,6,2,25877
38655,6,3,25880
38655,6,4,25912
38655,6,5,25915
38655,6,6,25947
38655,6,7,25950
38655,6,8,25980
38655,6,9,25983
38655,6,10,25844
38655,6,11,25847
38655,6,12,25878
38655,6,13,25881
38655,6,14,25913
38655,6,15,25916
38655,6,16,25948
38655,6,17,25951
38655,6,18,25981
38655,6,19,25984
38655,7,0,26014
38655,7,1,26017
38655,7,2,26015
38655,7,3,26018
38655,8,0,25635
38655,8,1,25638
38655,8,2,25670
38655,8,3,25673
38655,8,4,25704
38655,8,5,25707
38655,8,6,25636
38655,8,7,25639
38655,8,8,25671
38655,8,9,25674
38655,8,10,25705
38655,8,11,25708
38655,9,0,38990
38655,9,1,39008
38655,9,2,39010
38655,9,3,39013
38655,9,4,39019
38655,9,5,39020
38655,9,6,39023
38655,9,7,39024
38655,9,8,39026
38655,9,9,39025
38655,9,10,39030
38655,9,11,39029
38655,9,12,39027
38655,9,13,39568
38655,9,14,39569
38655,9,15,39570
38655,9,16,39571
38655,9,17,40081
38655,9,18,39257
38655,9,19,40721
38655,10,0,40712
38655,10,1,40715
38655,10,2,40718
38656,0,0,29454
38656,0,1,29526
38656,0,2,29562
38656,0,3,29596
38656,0,4,29632
38656,0,5,29668
38656,0,6,29457
38656,0,7,29529
38656,0,8,29565
38656,0,9,29599
38656,0,10,29635
38656,0,11,29671
38656,0,12,29460
38656,0,13,29532
38656,0,14,29567
38656,0,15,29602
38656,0,16,29638
38656,0,17,29674
38656,0,18,29455
38656,0,19,29527
38656,0,20,29563
38656,0,21,29597
38656,0,22,29633
38656,0,23,29669
38656,0,24,29458
38656,0,25,29530
38656,0,26,29566
38656,0,27,29600
38656,0,28,29636
38656,0,29,29672
38656,0,30,29461
38656,0,31,29533
38656,0,32,29568
38656,0,33,29603
38656,0,34,29639
38656,0,35,29675
38656,1,0,29704
38656,1,1,29776
38656,1,2,29812
38656,1,3,29848
38656,1,4,29884
38656,1,5,29920
38656,1,6,29707
38656,1,7,29779
38656,1,8,29815
38656,1,9,29851
38656,1,10,29887
38656,1,11,29923
38656,1,12,29710
38656,1,13,29782
38656,1,14,29818
38656,1,15,29854
38656,1,16,29890
38656,1,17,29926
38656,1,18,29705
38656,1,19,29777
38656,1,20,29813
38656,1,21,29849
38656,1,22,29885
38656,1,23,29921
38656,1,24,29708
38656,1,25,29780
38656,1,26,29816
38656,1,27,29852
38656,1,28,29888
38656,1,29,29924
38656,1,30,29711
38656,1,31,29783
38656,1,32,29819
38656,1,33,29855
38656,1,34,29891
38656,1,35,29927
38656,2,0,29956
38656,2,1,30028
38656,2,2,30064
38656,2,3,30098
38656,2,4,30134
38656,2,5,30170
38656,2,6,29959
38656,2,7,30031
38656,2,8,30067
38656,2,9,30101
38656,2,10,30137
38656,2,11,30173
38656,2,12,29962
38656,2,13,30034
38656,2,14,30069
38656,2,15,30104
38656,2,16,30140
38656,2,17,30176
38656,2,18,29957
38656,2,19,30029
38656,2,20,30065
38656,2,21,30099
38656,2,22,30135
38656,2,23,30171
38656,2,24,29960
38656,2,25,30032
38656,2,26,30068
38656,2,27,30102
38656,2,28,30138
38656,2,29,30174
38656,2,30,29963
38656,2,31,30035
38656,2,32,30070
38656,2,33,30105
38656,2,34,30141
38656,2,35,30177
38656,3,0,30206
38656,3,1,30278
38656,3,2,30314
38656,3,3,30348
38656,3,4,30384
38656,3,5,30420
38656,3,6,30209
38656,3,7,30281
38656,3,8,30317
38656,3,9,30351
38656,3,10,30387
38656,3,11,30423
38656,3,12,30212
38656,3,13,30284
38656,3,14,30319
38656,3,15,30354
38656,3,16,30390
38656,3,17,30426
38656,3,18,30207
38656,3,19,30279
38656,3,20,30315
38656,3,21,30349
38656,3,22,30385
38656,3,23,30421
38656,3,24,30210
38656,3,25,30282
38656,3,26,30318
38656,3,27,30352
38656,3,28,30388
38656,3,29,30424
38656,3,30,30213
38656,3,31,30285
38656,3,32,30320
38656,3,33,30355
38656,3,34,30391
38656,3,35,30427
38656,4,0,30456
38656,4,1,30528
38656,4,2,30564
38656,4,3,30600
38656,4,4,30636
38656,4,5,30672
38656,4,6,30459
38656,4,7,30531
38656,4,8,30567
38656,4,9,30603
38656,4,10,30639
38656,4,11,30675
38656,4,12,30462
38656,4,13,30534
38656,4,14,30570
38656,4,15,30606
38656,4,16,30642
38656,4,17,30678
38656,4,18,30457
38656,4,19,30529
38656,4,20,30565
38656,4,21,30601
38656,4,22,30637
38656,4,23,30673
38656,4,24,30460
38656,4,25,30532
38656,4,26,30568
38656,4,27,30604
38656,4,28,30640
38656,4,29,30676
38656,4,30,30463
38656,4,31,30535
38656,4,32,30571
38656,4,33,30607
38656,4,34,30643
38656,4,35,30679
38656,5,0,30708
38656,5,1,30780
38656,5,2,30816
38656,5,3,30850
38656,5,4,30886
38656,5,5,30922
38656,5,6,30711
38656,5,7,30783
38656,5,8,30819
38656,5,9,30853
38656,5,10,30889
38656,5,11,30925
38656,5,12,30714
38656,5,13,30786
38656,5,14,30821
38656,5,15,30856
38656,5,16,30892
38656,5,17,30928
38656,5,18,30709
38656,5,19,30781
38656,5,20,30817
38656,5,21,30851
38656,5,22,30887
38656,5,23,30923
38656,5,24,30712
38656,5,25,30784
38656,5,26,30820
38656,5,27,30854
38656,5,28,30890
38656,5,29,30926
38656,5,30,30715
38656,5,31,30787
38656,5,32,30822
38656,5,33,30857
38656,5,34,30893
38656,5,35,30929
38656,6,0,25849
38656,6,1,25852
38656,6,2,25854
38656,6,3,25883
38656,6,4,25886
38656,6,5,25888
38656,6,6,25918
38656,6,7,25921
38656,6,8,25923
38656,6,9,25953
38656,6,10,25956
38656,6,11,25958
38656,6,12,25986
38656,6,13,25989
38656,6,14,25992
38656,6,15,25850
38656,6,16,25853
38656,6,17,25855
38656,6,18,25884
38656,6,19,25887
38656,6,20,25889
38656,6,21,25919
38656,6,22,25922
38656,6,23,25924
38656,6,24,25954
38656,6,25,25957
38656,6,26,25959
38656,6,27,25987
38656,6,28,25990
38656,6,29,25993
38656,7,0,26020
38656,7,1,26023
38656,7,2,26026
38656,7,3,26021
38656,7,4,26024
38656,7,5,26027
38656,8,0,25641
38656,8,1,25644
38656,8,2,25647
38656,8,3,25676
38656,8,4,25679
38656,8,5,25682
38656,8,6,25710
38656,8,7,25713
38656,8,8,25716
38656,8,9,25642
38656,8,10,25645
38656,8,11,25648
38656,8,12,25677
38656,8,13,25680
38656,8,14,25683
38656,8,15,25711
38656,8,16,25714
38656,8,17,25717
38656,9,0,38991
38656,9,1,39031
38656,9,2,39032
38656,9,3,39008
38656,9,4,39011
38656,9,5,39014
38656,9,6,39015
38656,9,7,39021
38656,9,8,39022
38656,9,9,39023
38656,9,10,39024
38656,9,11,39026
38656,9,12,39025
38656,9,13,39030
38656,9,14,39029
38656,9,15,39027
38656,9,16,39028
38656,9,17,39568
38656,9,18,39569
38656,9,19,39570
38656,9,20,39571
38656,9,21,40081
38656,9,22,39257
38656,9,23,40721
38656,10,0,40712
38656,10,1,40715
38656,10,2,40718
38659,0,0,30943
38659,0,1,31015
38659,0,2,31051
38659,0,3,31087
38659,0,4,31123
38659,0,5,31159
38659,0,6,30946
38659,0,7,31018
38659,0,8,31054
38659,0,9,31090
38659,0,10,31126
38659,0,11,31162
38659,0,12,30949
38659,0,13,31021
38659,0,14,31057
38659,0,15,31093
38659,0,16,31129
38659,0,17,31165
38659,0,18,30944
38659,0,19,31016
38659,0,20,31052
38659,0,21,31088
38659,0,22,31124
38659,0,23,31160
38659,0,24,30947
38659,0,25,31019
38659,0,26,31055
38659,0,27,31091
38659,0,28,31127
38659,0,29,31163
38659,0,30,30950
38659,0,31,31022
38659,0,32,31058
38659,0,33,31094
38659,0,34,31130
38659,0,35,31166
38659,1,0,31195
38659,1,1,31267
38659,1,2,31303
38659,1,3,31339
38659,1,4,31375
38659,1,5,31411
38659,1,6,31198
38659,1,7,31270
38659,1,8,31306
38659,1,9,31342
38659,1,10,31378
38659,1,11,31414
38659,1,12,31201
38659,1,13,31273
38659,1,14,31309
38659,1,15,31345
38659,1,16,31381
38659,1,17,31417
38659,1,18,31196
38659,1,19,31268
38659,1,20,31304
38659,1,21,31340
38659,1,22,31376
38659,1,23,31412
38659,1,24,31199
38659,1,25,31271
38659,1,26,31307
38659,1,27,31343
38659,1,28,31379
38659,1,29,31415
38659,1,30,31202
38659,1,31,31274
38659,1,32,31310
38659,1,33,31346
38659,1,34,31382
38659,1,35,31418
38659,2,0,31447
38659,2,1,31519
38659,2,2,31555
38659,2,3,31590
38659,2,4,31626
38659,2,5,31662
38659,2,6,31450
38659,2,7,31522
38659,2,8,31558
38659,2,9,31593
38659,2,10,31629
38659,2,11,31665
38659,2,12,31453
38659,2,13,31525
38659,2,14,31561
38659,2,15,31596
38659,2,16,31632
38659,2,17,31668
38659,2,18,31448
38659,2,19,31520
38659,2,20,31556
38659,2,21,31591
38659,2,22,31627
38659,2,23,31663
38659,2,24,31451
38659,2,25,31523
38659,2,26,31559
38659,2,27,31594
38659,2,28,31630
38659,2,29,31666
38659,2,30,31454
38659,2,31,31526
38659,2,32,31562
38659,2,33,31597
38659,2,34,31633
38659,2,35,31669
38659,3,0,31698
38659,3,1,31770
38659,3,2,31806
38659,3,3,31842
38659,3,4,31878
38659,3,5,31914
38659,3,6,31701
38659,3,7,31773
38659,3,8,31809
38659,3,9,31845
38659,3,10,31881
38659,3,11,31917
38659,3,12,31704
38659,3,13,31776
38659,3,14,31812
38659,3,15,31848
38659,3,16,31884
38659,3,17,31920
38659,3,18,31699
38659,3,19,31771
38659,3,20,31807
38659,3,21,31843
38659,3,22,31879
38659,3,23,31915
38659,3,24,31702
38659,3,25,31774
38659,3,26,31810
38659,3,27,31846
38659,3,28,31882
38659,3,29,31918
38659,3,30,31705
38659,3,31,31777
38659,3,32,31813
38659,3,33,31849
38659,3,34,31885
38659,3,35,31921
38659,4,0,31950
38659,4,1,32022
38659,4,2,32058
38659,4,3,32094
38659,4,4,32130
38659,4,5,32166
38659,4,6,31953
38659,4,7,32025
38659,4,8,32061
38659,4,9,32097
38659,4,10,32133
38659,4,11,32169
38659,4,12,31956
38659,4,13,32028
38659,4,14,32064
38659,4,15,32100
38659,4,16,32136
38659,4,17,32172
38659,4,18,31951
38659,4,19,32023
38659,4,20,32059
38659,4,21,32095
38659,4,22,32131
38659,4,23,32167
38659,4,24,31954
38659,4,25,32026
38659,4,26,32062
38659,4,27,32098
38659,4,28,32134
38659,4,29,32170
38659,4,30,31957
38659,4,31,32029
38659,4,32,32065
38659,4,33,32101
38659,4,34,32137
38659,4,35,32173
38659,5,0,32202
38659,5,1,32274
38659,5,2,32310
38659,5,3,32345
38659,5,4,32381
38659,5,5,32417
38659,5,6,32205
38659,5,7,32277
38659,5,8,32313
38659,5,9,32348
38659,5,10,32384
38659,5,11,32420
38659,5,12,32208
38659,5,13,32280
38659,5,14,32316
38659,5,15,32351
38659,5,16,32387
38659,5,17,32423
38659,5,18,32203
38659,5,19,32275
38659,5,20,32311
38659,5,21,32346
38659,5,22,32382
38659,5,23,32418
38659,5,24,32206
38659,5,25,32278
38659,5,26,32314
38659,5,27,32349
38659,5,28,32385
38659,5,29,32421
38659,5,30,32209
38659,5,31,32281
38659,5,32,32317
38659,5,33,32352
38659,5,34,32388
38659,5,35,32424
38659,6,0,26041
38659,6,1,26044
38659,6,2,26047
38659,6,3,26076
38659,6,4,26079
38659,6,5,26082
38659,6,6,26110
38659,6,7,26113
38659,6,8,26116
38659,6,9,26146
38659,6,10,26149
38659,6,11,26152
38659,6,12,26182
38659,6,13,26185
38659,6,14,26188
38659,6,15,26218
38659,6,16,26221
38659,6,17,26224
38659,6,18,26254
38659,6,19,26257
38659,6,20,26260
38659,6,21,26288
38659,6,22,26291
38659,6,23,26294
38659,6,24,26323
38659,6,25,26326
38659,6,26,26329
38659,6,27,26042
38659,6,28,26045
38659,6,29,26048
38659,6,30,26077
38659,6,31,26080
38659,6,32,26083
38659,6,33,26111
38659,6,34,26114
38659,6,35,26117
38659,6,36,26147
38659,6,37,26150
38659,6,38,26153
38659,6,39,26183
38659,6,40,26186
38659,6,41,26189
38659,6,42,26219
38659,6,43,26222
38659,6,44,26225
38659,6,45,26255
38659,6,46,26258
38659,6,47,26261
38659,6,48,26289
38659,6,49,26292
38659,6,50,26295
38659,6,51,26324
38659,6,52,26327
38659,6,53,26330
38659,7,0,26359
38659,7,1,26362
38659,7,2,26365
38659,7,3,26360
38659,7,4,26363
38659,7,5,26366
38659,8,0,25729
38659,8,1,25732
38659,8,2,25735
38659,8,3,25765
38659,8,4,25768
38659,8,5,25771
38659,8,6,25800
38659,8,7,25803
38659,8,8,25806
38659,8,9,25730
38659,8,10,25733
38659,8,11,25736
38659,8,12,25766
38659,8,13,25769
38659,8,14,25772
38659,8,15,25801
38659,8,16,25804
38659,8,17,25807
38659,9,0,39008
38659,9,1,39009
38659,9,2,39012
38659,9,3,39016
38659,9,4,39017
38659,9,5,39018
38659,9,6,39023
38659,9,7,39024
38659,9,8,39026
38659,9,9,39025
38659,9,10,39572
38659,9,11,39573
38659,9,12,39574
38659,9,13,39575
38659,9,14,40081
38659,9,15,39257
38659,9,16,40721
38659,10,0,40712
38659,10,1,40715
38659,10,2,40718
38660,0,0,30952
38660,0,1,31024
38660,0,2,31060
38660,0,3,31096
38660,0,4,31132
38660,0,5,31168
38660,0,6,30955
38660,0,7,31027
38660,0,8,31063
38660,0,9,31099
38660,0,10,31135
38660,0,11,31171
38660,0,12,30953
38660,0,13,31025
38660,0,14,31061
38660,0,15,31097
38660,0,16,31133
38660,0,17,31169
38660,0,18,30956
38660,0,19,31028
38660,0,20,31064
38660,0,21,31100
38660,0,22,31136
38660,0,23,31172
38660,1,0,31204
38660,1,1,31276
38660,1,2,31312
38660,1,3,31348
38660,1,4,31384
38660,1,5,31420
38660,1,6,31207
38660,1,7,31279
38660,1,8,31315
38660,1,9,31351
38660,1,10,31387
38660,1,11,31423
38660,1,12,31205
38660,1,13,31277
38660,1,14,31313
38660,1,15,31349
38660,1,16,31385
38660,1,17,31421
38660,1,18,31208
38660,1,19,31280
38660,1,20,31316
38660,1,21,31352
38660,1,22,31388
38660,1,23,31424
38660,2,0,31456
38660,2,1,31528
38660,2,2,31564
38660,2,3,31599
38660,2,4,31635
38660,2,5,31671
38660,2,6,31459
38660,2,7,31531
38660,2,8,31567
38660,2,9,31602
38660,2,10,31638
38660,2,11,31674
38660,2,12,31457
38660,2,13,31529
38660,2,14,31565
38660,2,15,31600
38660,2,16,31636
38660,2,17,31672
38660,2,18,31460
38660,2,19,31532
38660,2,20,31568
38660,2,21,31603
38660,2,22,31639
38660,2,23,31675
38660,3,0,31707
38660,3,1,31779
38660,3,2,31815
38660,3,3,31851
38660,3,4,31887
38660,3,5,31923
38660,3,6,31710
38660,3,7,31782
38660,3,8,31818
38660,3,9,31854
38660,3,10,31890
38660,3,11,31926
38660,3,12,31708
38660,3,13,31780
38660,3,14,31816
38660,3,15,31852
38660,3,16,31888
38660,3,17,31924
38660,3,18,31711
38660,3,19,31783
38660,3,20,31819
38660,3,21,31855
38660,3,22,31891
38660,3,23,31927
38660,4,0,31959
38660,4,1,32031
38660,4,2,32067
38660,4,3,32103
38660,4,4,32139
38660,4,5,32175
38660,4,6,31962
38660,4,7,32034
38660,4,8,32070
38660,4,9,32106
38660,4,10,32142
38660,4,11,32178
38660,4,12,31960
38660,4,13,32032
38660,4,14,32068
38660,4,15,32104
38660,4,16,32140
38660,4,17,32176
38660,4,18,31963
38660,4,19,32035
38660,4,20,32071
38660,4,21,32107
38660,4,22,32143
38660,4,23,32179
38660,5,0,32211
38660,5,1,32283
38660,5,2,32319
38660,5,3,32354
38660,5,4,32390
38660,5,5,32426
38660,5,6,32214
38660,5,7,32286
38660,5,8,32322
38660,5,9,32357
38660,5,10,32393
38660,5,11,32429
38660,5,12,32212
38660,5,13,32284
38660,5,14,32320
38660,5,15,32355
38660,5,16,32391
38660,5,17,32427
38660,5,18,32215
38660,5,19,32287
38660,5,20,32323
38660,5,21,32358
38660,5,22,32394
38660,5,23,32430
38660,6,0,26050
38660,6,1,26053
38660,6,2,26085
38660,6,3,26088
38660,6,4,26119
38660,6,5,26122
38660,6,6,26155
38660,6,7,26158
38660,6,8,26191
38660,6,9,26194
38660,6,10,26227
38660,6,11,26230
38660,6,12,26263
38660,6,13,26266
38660,6,14,26297
38660,6,15,26300
38660,6,16,26332
38660,6,17,26335
38660,6,18,26051
38660,6,19,26054
38660,6,20,26086
38660,6,21,26089
38660,6,22,26120
38660,6,23,26123
38660,6,24,26156
38660,6,25,26159
38660,6,26,26192
38660,6,27,26195
38660,6,28,26228
38660,6,29,26231
38660,6,30,26264
38660,6,31,26267
38660,6,32,26298
38660,6,33,26301
38660,6,34,26333
38660,6,35,26336
38660,7,0,26368
38660,7,1,26371
38660,7,2,26369
38660,7,3,26372
38660,8,0,25738
38660,8,1,25741
38660,8,2,25774
38660,8,3,25777
38660,8,4,25809
38660,8,5,25812
38660,8,6,25739
38660,8,7,25742
38660,8,8,25775
38660,8,9,25778
38660,8,10,25810
38660,8,11,25813
38660,9,0,38990
38660,9,1,39008
38660,9,2,39010
38660,9,3,39013
38660,9,4,39019
38660,9,5,39020
38660,9,6,39023
38660,9,7,39024
38660,9,8,39026
38660,9,9,39025
38660,9,10,39030
38660,9,11,39029
38660,9,12,39027
38660,9,13,39572
38660,9,14,39573
38660,9,15,39574
38660,9,16,39575
38660,9,17,40081
38660,9,18,39257
38660,9,19,40721
38660,10,0,40712
38660,10,1,40715
38660,10,2,40718
38661,0,0,30958
38661,0,1,31030
38661,0,2,31066
38661,0,3,31102
38661,0,4,31138
38661,0,5,31174
38661,0,6,30961
38661,0,7,31033
38661,0,8,31069
38661,0,9,31105
38661,0,10,31141
38661,0,11,31177
38661,0,12,30964
38661,0,13,31036
38661,0,14,31072
38661,0,15,31108
38661,0,16,31144
38661,0,17,31180
38661,0,18,30959
38661,0,19,31031
38661,0,20,31067
38661,0,21,31103
38661,0,22,31139
38661,0,23,31175
38661,0,24,30962
38661,0,25,31034
38661,0,26,31070
38661,0,27,31106
38661,0,28,31142
38661,0,29,31178
38661,0,30,30965
38661,0,31,31037
38661,0,32,31073
38661,0,33,31109
38661,0,34,31145
38661,0,35,31181
38661,1,0,31210
38661,1,1,31282
38661,1,2,31318
38661,1,3,31354
38661,1,4,31390
38661,1,5,31426
38661,1,6,31213
38661,1,7,31285
38661,1,8,31321
38661,1,9,31357
38661,1,10,31393
38661,1,11,31429
38661,1,12,31216
38661,1,13,31288
38661,1,14,31324
38661,1,15,31360
38661,1,16,31396
38661,1,17,31432
38661,1,18,31211
38661,1,19,31283
38661,1,20,31319
38661,1,21,31355
38661,1,22,31391
38661,1,23,31427
38661,1,24,31214
38661,1,25,31286
38661,1,26,31322
38661,1,27,31358
38661,1,28,31394
38661,1,29,31430
38661,1,30,31217
38661,1,31,31289
38661,1,32,31325
38661,1,33,31361
38661,1,34,31397
38661,1,35,31433
38661,2,0,31462
38661,2,1,31534
38661,2,2,31570
38661,2,3,31605
38661,2,4,31641
38661,2,5,31677
38661,2,6,31465
38661,2,7,31537
38661,2,8,31573
38661,2,9,31608
38661,2,10,31644
38661,2,11,31680
38661,2,12,31468
38661,2,13,31540
38661,2,14,31576
38661,2,15,31611
38661,2,16,31647
38661,2,17,31683
38661,2,18,31463
38661,2,19,31535
38661,2,20,31571
38661,2,21,31606
38661,2,22,31642
38661,2,23,31678
38661,2,24,31466
38661,2,25,31538
38661,2,26,31574
38661,2,27,31609
38661,2,28,31645
38661,2,29,31681
38661,2,30,31469
38661,2,31,31541
38661,2,32,31577
38661,2,33,31612
38661,2,34,31648
38661,2,35,31684
38661,3,0,31713
38661,3,1,31785
38661,3,2,31821
38661,3,3,31857
38661,3,4,31893
38661,3,5,31929
38661,3,6,31716
38661,3,7,31788
38661,3,8,31824
38661,3,9,31860
38661,3,10,31896
38661,3,11,31932
38661,3,12,31719
38661,3,13,31791
38661,3,14,31827
38661,3,15,31863
38661,3,16,31899
38661,3,17,31935
38661,3,18,31714
38661,3,19,31786
38661,3,20,31822
38661,3,21,31858
38661,3,22,31894
38661,3,23,31930
38661,3,24,31717
38661,3,25,31789
38661,3,26,31825
38661,3,27,31861
38661,3,28,31897
38661,3,29,31933
38661,3,30,31720
38661,3,31,31792
38661,3,32,31828
38661,3,33,31864
38661,3,34,31900
38661,3,35,31936
38661,4,0,31965
38661,4,1,32037
38661,4,2,32073
38661,4,3,32109
38661,4,4,32145
38661,4,5,32181
38661,4,6,31968
38661,4,7,32040
38661,4,8,32076
38661,4,9,32112
38661,4,10,32148
38661,4,11,32184
38661,4,12,31971
38661,4,13,32043
38661,4,14,32079
38661,4,15,32115
38661,4,16,32151
38661,4,17,32187
38661,4,18,31966
38661,4,19,32038
38661,4,20,32074
38661,4,21,32110
38661,4,22,32146
38661,4,23,32182
38661,4,24,31969
38661,4,25,32041
38661,4,26,32077
38661,4,27,32113
38661,4,28,32149
38661,4,29,32185
38661,4,30,31972
38661,4,31,32044
38661,4,32,32080
38661,4,33,32116
38661,4,34,32152
38661,4,35,32188
38661,5,0,32217
38661,5,1,32289
38661,5,2,32325
38661,5,3,32360
38661,5,4,32396
38661,5,5,32432
38661,5,6,32220
38661,5,7,32292
38661,5,8,32328
38661,5,9,32363
38661,5,10,32399
38661,5,11,32435
38661,5,12,32223
38661,5,13,32295
38661,5,14,32331
38661,5,15,32366
38661,5,16,32402
38661,5,17,32438
38661,5,18,32218
38661,5,19,32290
38661,5,20,32326
38661,5,21,32361
38661,5,22,32397
38661,5,23,32433
38661,5,24,32221
38661,5,25,32293
38661,5,26,32329
38661,5,27,32364
38661,5,28,32400
38661,5,29,32436
38661,5,30,32224
38661,5,31,32296
38661,5,32,32332
38661,5,33,32367
38661,5,34,32403
38661,5,35,32439
38661,6,0,26056
38661,6,1,26059
38661,6,2,26061
38661,6,3,26091
38661,6,4,26094
38661,6,5,26096
38661,6,6,26125
38661,6,7,26128
38661,6,8,26131
38661,6,9,26161
38661,6,10,26164
38661,6,11,26167
38661,6,12,26197
38661,6,13,26200
38661,6,14,26203
38661,6,15,26233
38661,6,16,26236
38661,6,17,26239
38661,6,18,26269
38661,6,19,26272
38661,6,20,26275
38661,6,21,26303
38661,6,22,26306
38661,6,23,26309
38661,6,24,26338
38661,6,25,26341
38661,6,26,26344
38661,6,27,26057
38661,6,28,26060
38661,6,29,26062
38661,6,30,26092
38661,6,31,26095
38661,6,32,26097
38661,6,33,26126
38661,6,34,26129
38661,6,35,26132
38661,6,36,26162
38661,6,37,26165
38661,6,38,26168
38661,6,39,26198
38661,6,40,26201
38661,6,41,26204
38661,6,42,26234
38661,6,43,26237
38661,6,44,26240
38661,6,45,26270
38661,6,46,26273
38661,6,47,26276
38661,6,48,26304
38661,6,49,26307
38661,6,50,26310
38661,6,51,26339
38661,6,52,26342
38661,6,53,26345
38661,7,0,26374
38661,7,1,26377
38661,7,2,26380
38661,7,3,26375
38661,7,4,26378
38661,7,5,26381
38661,8,0,25744
38661,8,1,25747
38661,8,2,25750
38661,8,3,25780
38661,8,4,25783
38661,8,5,25786
38661,8,6,25815
38661,8,7,25818
38661,8,8,25821
38661,8,9,25745
38661,8,10,25748
38661,8,11,25751
38661,8,12,25781
38661,8,13,25784
38661,8,14,25787
38661,8,15,25816
38661,8,16,25819
38661,8,17,25822
38661,9,0,38991
38661,9,1,39031
38661,9,2,39032
38661,9,3,39008
38661,9,4,39011
38661,9,5,39014
38661,9,6,39015
38661,9,7,39021
38661,9,8,39022
38661,9,9,39023
38661,9,10,39024
38661,9,11,39026
38661,9,12,39025
38661,9,13,39030
38661,9,14,39029
38661,9,15,39027
38661,9,16,39028
38661,9,17,39572
38661,9,18,39573
38661,9,19,39574
38661,9,20,39575
38661,9,21,40081
38661,9,22,39257
38661,9,23,40721
38661,10,0,40712
38661,10,1,40715
38661,10,2,40718
39624,0,0,35729
39624,0,1,35732
39624,0,2,35730
39624,0,3,35733
39624,1,0,35741
39624,1,1,35744
39624,1,2,35742
39624,1,3,35745
39625,0,0,35723
39625,0,1,35726
39625,0,2,35724
39625,0,3,35727
39625,1,0,35735
39625,1,1,35738
39625,1,2,35736
39625,1,3,35739
41224,0,0,41315
41224,0,1,41339
41224,0,2,41340
41224,0,3,41341
41292,0,0,24164
